  -2.414396e-03
  -9.586112e-03
  -2.130390e-02
  -3.722595e-02
  -5.689439e-02
  -7.975386e-02
  -1.051729e-01
  -1.324665e-01
  -1.609187e-01
  -1.898041e-01
  -2.184076e-01
  -2.460414e-01
  -2.720596e-01
  -2.958705e-01
  -3.169459e-01
  -3.348286e-01
  -3.491384e-01
  -3.595758e-01
  -3.659251e-01
  -3.680560e-01
  -3.659251e-01
  -3.595758e-01
  -3.491384e-01
  -3.348286e-01
  -3.169459e-01
  -2.958705e-01
  -2.720596e-01
  -2.460414e-01
  -2.184076e-01
  -1.898041e-01
  -1.609187e-01
  -1.324665e-01
  -1.051729e-01
  -7.975386e-02
  -5.689439e-02
  -3.722595e-02
  -2.130390e-02
  -9.586112e-03
  -2.414396e-03
