   1.000000e+00
   9.967573e-01
   9.870503e-01
   9.709418e-01
   9.485364e-01
   9.199794e-01
   8.854560e-01
   8.451901e-01
   7.994428e-01
   7.485107e-01
   6.927244e-01
   6.324454e-01
   5.680647e-01
   5.000000e-01
   4.286926e-01
   3.546049e-01
   2.782175e-01
   2.000257e-01
   1.205367e-01
   4.026594e-02
  -4.026594e-02
  -1.205367e-01
  -2.000257e-01
  -2.782175e-01
  -3.546049e-01
  -4.286926e-01
  -5.000000e-01
  -5.680647e-01
  -6.324454e-01
  -6.927244e-01
  -7.485107e-01
  -7.994428e-01
  -8.451901e-01
  -8.854560e-01
  -9.199794e-01
  -9.485364e-01
  -9.709418e-01
  -9.870503e-01
  -9.967573e-01
  -1.000000e+00
