  -9.676093e-15
  -2.539471e-03
  -1.007883e-02
  -2.238458e-02
  -3.907949e-02
  -5.965938e-02
  -8.351453e-02
  -1.099542e-01
  -1.382321e-01
  -1.675724e-01
  -1.971933e-01
  -2.263288e-01
  -2.542477e-01
  -2.802693e-01
  -3.037762e-01
  -3.242242e-01
  -3.411504e-01
  -3.541788e-01
  -3.630242e-01
  -3.674949e-01
  -3.674949e-01
  -3.630242e-01
  -3.541788e-01
  -3.411504e-01
  -3.242242e-01
  -3.037762e-01
  -2.802693e-01
  -2.542477e-01
  -2.263288e-01
  -1.971933e-01
  -1.675724e-01
  -1.382321e-01
  -1.099542e-01
  -8.351453e-02
  -5.965938e-02
  -3.907949e-02
  -2.238458e-02
  -1.007883e-02
  -2.539471e-03
   0.000000e+00
