  0.0000000e+00  2.3679917e-24  2.5305484e-11  2.5305484e-11  2.3679917e-24  2.8477570e-18  3.0432483e-05  3.0432483e-05  2.8477570e-18  3.6064466e-32  3.8540200e-19  3.8540200e-19  3.6064466e-32  3.7978110e-52  4.0585210e-39  4.0585210e-39  3.7978110e-52
  3.7500000e-03  2.3679917e-24  2.5305484e-11  2.5305484e-11  2.3679917e-24  2.8477570e-18  3.0433624e-05  3.0433624e-05  2.8477570e-18  3.6064466e-32 -3.4236543e-09 -3.4236543e-09  3.6064466e-32  3.7978110e-52  4.0585210e-39  4.0585210e-39  3.7978110e-52
  7.5000000e-03  2.3679917e-24  2.5305484e-11  2.5305484e-11  2.3679917e-24  2.8477570e-18  3.0435907e-05  3.0435907e-05  2.8477570e-18  3.6064466e-32 -1.0271091e-08 -1.0271091e-08  3.6064466e-32  3.7978110e-52  4.0585210e-39  4.0585210e-39  3.7978110e-52
  1.1250000e-02  2.3679917e-24  2.5305484e-11  2.5305484e-11  2.3679917e-24  2.8477570e-18  3.0439331e-05  3.0439331e-05  2.8477570e-18  3.6064466e-32 -2.0542568e-08 -2.0542568e-08  3.6064466e-32  3.7978110e-52  4.0585210e-39  4.0585210e-39  3.7978110e-52
  1.5000000e-02  2.3679917e-24  2.5305484e-11  2.5305484e-11  2.3679917e-24  2.8477570e-18  3.0443896e-05  3.0443896e-05  2.8477570e-18  3.6064466e-32 -3.4238469e-08 -3.4238469e-08  3.6064466e-32  3.7978110e-52  4.0585210e-39  4.0585210e-39  3.7978110e-52
  1.8750000e-02  2.3679917e-24  2.5305484e-11  2.5305484e-11  2.3679917e-24  2.8477570e-18  3.0449603e-05  3.0449603e-05  2.8477570e-18  3.6064466e-32 -5.1359309e-08 -5.1359309e-08  3.6064466e-32  3.7978110e-52  4.0585210e-39  4.0585210e-39  3.7978110e-52
  2.2500000e-02  2.3679917e-24  2.5305484e-11  2.5305484e-11  2.3679917e-24  2.8477570e-18  3.0456452e-05  3.0456452e-05  2.8477570e-18  3.6064466e-32 -7.1905729e-08 -7.1905729e-08  3.6064466e-32  3.7978110e-52  4.0585210e-39  4.0585210e-39  3.7978110e-52
  2.6250000e-02  2.3679917e-24  2.5305484e-11  2.5305484e-11  2.3679917e-24  2.8477570e-18  3.0464443e-05  3.0464443e-05  2.8477570e-18  3.6064466e-32 -9.5878499e-08 -9.5878499e-08  3.6064466e-32  3.7978110e-52  4.0585210e-39  4.0585210e-39  3.7978110e-52
  3.0000000e-02  2.3679917e-24  2.5305484e-11  2.5305484e-11  2.3679917e-24  2.8477570e-18  3.0473576e-05  3.0473576e-05  2.8477570e-18  3.6064466e-32 -1.2327852e-07 -1.2327852e-07  3.6064466e-32  3.7978110e-52  4.0585210e-39  4.0585210e-39  3.7978110e-52
  3.3750000e-02  2.3679917e-24  2.5305484e-11  2.5305484e-11  2.3679917e-24  2.8477570e-18  3.0483852e-05  3.0483852e-05  2.8477570e-18  3.6064466e-32 -1.5410682e-07 -1.5410682e-07  3.6064466e-32  3.7978110e-52  4.0585210e-39  4.0585210e-39  3.7978110e-52
  3.7500000e-02  2.3679917e-24  2.5305484e-11  2.5305484e-11  2.3679917e-24  2.8477570e-18  3.0495271e-05  3.0495271e-05  2.8477570e-18  3.6064466e-32 -1.8836455e-07 -1.8836455e-07  3.6064466e-32  3.7978110e-52  4.0585210e-39  4.0585210e-39  3.7978110e-52
  4.1250000e-02  2.3679917e-24  2.5305484e-11  2.5305484e-11  2.3679917e-24  2.8477570e-18  3.0507834e-05  3.0507834e-05  2.8477570e-18  3.6064466e-32 -2.2605300e-07 -2.2605300e-07  3.6064466e-32  3.7978110e-52  4.0585210e-39  4.0585210e-39  3.7978110e-52
  4.5000000e-02  2.3679917e-24  2.5305484e-11  2.5305484e-11  2.3679917e-24  2.8477570e-18  3.0521541e-05  3.0521541e-05  2.8477570e-18  3.6064466e-32 -2.6717358e-07 -2.6717358e-07  3.6064466e-32  3.7978110e-52  4.0585210e-39  4.0585210e-39  3.7978110e-52
  4.8750000e-02  2.3679917e-24  2.5305484e-11  2.5305484e-11  2.3679917e-24  2.8477570e-18  3.0536392e-05  3.0536392e-05  2.8477570e-18  3.6064466e-32 -3.1172783e-07 -3.1172783e-07  3.6064466e-32  3.7978110e-52  4.0585210e-39  4.0585210e-39  3.7978110e-52
  5.2500000e-02  2.3679917e-24  2.5305484e-11  2.5305484e-11  2.3679917e-24  2.8477570e-18  3.0552389e-05  3.0552389e-05  2.8477570e-18  3.6064466e-32 -3.5971743e-07 -3.5971743e-07  3.6064466e-32  3.7978110e-52  4.0585210e-39  4.0585210e-39  3.7978110e-52
  5.6250000e-02  2.3679917e-24  2.5305484e-11  2.5305484e-11  2.3679917e-24  2.8477570e-18  3.0569531e-05  3.0569531e-05  2.8477570e-18  3.6064466e-32 -4.1114417e-07 -4.1114417e-07  3.6064466e-32  3.7978110e-52  4.0585210e-39  4.0585210e-39  3.7978110e-52
  6.0000000e-02  2.3679917e-24  2.5305484e-11  2.5305484e-11  2.3679917e-24  2.8477570e-18  3.0587820e-05  3.0587820e-05  2.8477570e-18  3.6064466e-32 -4.6600999e-07 -4.6600999e-07  3.6064466e-32  3.7978110e-52  4.0585210e-39  4.0585210e-39  3.7978110e-52
  6.3750000e-02  2.3679917e-24  2.5305484e-11  2.5305484e-11  2.3679917e-24  2.8477570e-18  3.0607255e-05  3.0607255e-05  2.8477570e-18  3.6064466e-32 -5.2431693e-07 -5.2431693e-07  3.6064466e-32  3.7978110e-52  4.0585210e-39  4.0585210e-39  3.7978110e-52
  6.7500000e-02  2.3679917e-24  2.5305484e-11  2.5305484e-11  2.3679917e-24  2.8477570e-18  3.0627839e-05  3.0627839e-05  2.8477570e-18  3.6064466e-32 -5.8606719e-07 -5.8606719e-07  3.6064466e-32  3.7978110e-52  4.0585210e-39  4.0585210e-39  3.7978110e-52
  7.1250000e-02  2.3679917e-24  2.5305484e-11  2.5305484e-11  2.3679917e-24  2.8477570e-18  3.0649571e-05  3.0649571e-05  2.8477570e-18  3.6064466e-32 -6.5126308e-07 -6.5126308e-07  3.6064466e-32  3.7978110e-52  4.0585210e-39  4.0585210e-39  3.7978110e-52
  7.5000000e-02  2.3679917e-24  2.5305484e-11  2.5305484e-11  2.3679917e-24  2.8477570e-18  3.0672452e-05  3.0672452e-05  2.8477570e-18  3.6064466e-32 -7.1990705e-07 -7.1990705e-07  3.6064466e-32  3.7978110e-52  4.0585210e-39  4.0585210e-39  3.7978110e-52
  7.8750000e-02  2.3679917e-24  2.5305484e-11  2.5305484e-11  2.3679917e-24  2.8477570e-18  3.0696484e-05  3.0696484e-05  2.8477570e-18  3.6064466e-32 -7.9200167e-07 -7.9200167e-07  3.6064466e-32  3.7978110e-52  4.0585210e-39  4.0585210e-39  3.7978110e-52
  8.2500000e-02  2.3679917e-24  2.5305484e-11  2.5305484e-11  2.3679917e-24  2.8477570e-18  3.0721666e-05  3.0721666e-05  2.8477570e-18  3.6064466e-32 -8.6754964e-07 -8.6754964e-07  3.6064466e-32  3.7978110e-52  4.0585210e-39  4.0585210e-39  3.7978110e-52
  8.6250000e-02  2.3679917e-24  2.5305484e-11  2.5305484e-11  2.3679917e-24  2.8477570e-18  3.0748001e-05  3.0748001e-05  2.8477570e-18  3.6064466e-32 -9.4655380e-07 -9.4655380e-07  3.6064466e-32  3.7978110e-52  4.0585210e-39  4.0585210e-39  3.7978110e-52
  9.0000000e-02  2.3679917e-24  2.5305484e-11  2.5305484e-11  2.3679917e-24  2.8477570e-18  3.0775489e-05  3.0775489e-05  2.8477570e-18  3.6064466e-32 -1.0290171e-06 -1.0290171e-06  3.6064466e-32  3.7978110e-52  4.0585210e-39  4.0585210e-39  3.7978110e-52
  9.3750000e-02  2.3679917e-24  2.5305484e-11  2.5305484e-11  2.3679917e-24  2.8477570e-18  3.0804131e-05  3.0804131e-05  2.8477570e-18  3.6064466e-32 -1.1149427e-06 -1.1149427e-06  3.6064466e-32  3.7978110e-52  4.0585210e-39  4.0585210e-39  3.7978110e-52
  9.7500000e-02  2.3679917e-24  2.5305484e-11  2.5305484e-11  2.3679917e-24  2.8477570e-18  3.0833928e-05  3.0833928e-05  2.8477570e-18  3.6064466e-32 -1.2043337e-06 -1.2043337e-06  3.6064466e-32  3.7978110e-52  4.0585210e-39  4.0585210e-39  3.7978110e-52
  1.0125000e-01  2.3679917e-24  2.5305484e-11  2.5305484e-11  2.3679917e-24  2.8477570e-18  3.0864881e-05  3.0864881e-05  2.8477570e-18  3.6064466e-32 -1.2971935e-06 -1.2971935e-06  3.6064466e-32  3.7978110e-52  4.0585210e-39  4.0585210e-39  3.7978110e-52
  1.0500000e-01  2.3679917e-24  2.5305484e-11  2.5305484e-11  2.3679917e-24  2.8477570e-18  3.0896992e-05  3.0896992e-05  2.8477570e-18  3.6064466e-32 -1.3935257e-06 -1.3935257e-06  3.6064466e-32  3.7978110e-52  4.0585210e-39  4.0585210e-39  3.7978110e-52
  1.0875000e-01  2.3679917e-24  2.5305484e-11  2.5305484e-11  2.3679917e-24  2.8477570e-18  3.0930261e-05  3.0930261e-05  2.8477570e-18  3.6064466e-32 -1.4933337e-06 -1.4933337e-06  3.6064466e-32  3.7978110e-52  4.0585210e-39  4.0585210e-39  3.7978110e-52
  1.1250000e-01  2.3679917e-24  2.5305484e-11  2.5305484e-11  2.3679917e-24  2.8477570e-18  3.0964690e-05  3.0964690e-05  2.8477570e-18  3.6064466e-32 -1.5966214e-06 -1.5966214e-06  3.6064466e-32  3.7978110e-52  4.0585210e-39  4.0585210e-39  3.7978110e-52
  1.1625000e-01  2.3679917e-24  2.5305484e-11  2.5305484e-11  2.3679917e-24  2.8477570e-18  3.1000281e-05  3.1000281e-05  2.8477570e-18  3.6064466e-32 -1.7033926e-06 -1.7033926e-06  3.6064466e-32  3.7978110e-52  4.0585210e-39  4.0585210e-39  3.7978110e-52
  1.2000000e-01  2.3679917e-24  2.5305484e-11  2.5305484e-11  2.3679917e-24  2.8477570e-18  3.1037033e-05  3.1037033e-05  2.8477570e-18  3.6064466e-32 -1.8136514e-06 -1.8136514e-06  3.6064466e-32  3.7978110e-52  4.0585210e-39  4.0585210e-39  3.7978110e-52
  1.2375000e-01  2.3679917e-24  2.5305484e-11  2.5305484e-11  2.3679917e-24  2.8477570e-18  3.1074950e-05  3.1074950e-05  2.8477570e-18  3.6064466e-32 -1.9274018e-06 -1.9274018e-06  3.6064466e-32  3.7978110e-52  4.0585210e-39  4.0585210e-39  3.7978110e-52
  1.2750000e-01  2.3679917e-24  2.5305484e-11  2.5305484e-11  2.3679917e-24  2.8477570e-18  3.1114032e-05  3.1114032e-05  2.8477570e-18  3.6064466e-32 -2.0446482e-06 -2.0446482e-06  3.6064466e-32  3.7978110e-52  4.0585210e-39  4.0585210e-39  3.7978110e-52
  1.3125000e-01  2.3679917e-24  2.5305484e-11  2.5305484e-11  2.3679917e-24  2.8477570e-18  3.1154281e-05  3.1154281e-05  2.8477570e-18  3.6064466e-32 -2.1653949e-06 -2.1653949e-06  3.6064466e-32  3.7978110e-52  4.0585210e-39  4.0585210e-39  3.7978110e-52
  1.3500000e-01  2.3679917e-24  2.5305484e-11  2.5305484e-11  2.3679917e-24  2.8477570e-18  3.1195698e-05  3.1195698e-05  2.8477570e-18  3.6064466e-32 -2.2896464e-06 -2.2896464e-06  3.6064466e-32  3.7978110e-52  4.0585210e-39  4.0585210e-39  3.7978110e-52
  1.3875000e-01  2.3679917e-24  2.5305484e-11  2.5305484e-11  2.3679917e-24  2.8477570e-18  3.1238285e-05  3.1238285e-05  2.8477570e-18  3.6064466e-32 -2.4174075e-06 -2.4174075e-06  3.6064466e-32  3.7978110e-52  4.0585210e-39  4.0585210e-39  3.7978110e-52
  1.4250000e-01  2.3679917e-24  2.5305484e-11  2.5305484e-11  2.3679917e-24  2.8477570e-18  3.1282044e-05  3.1282044e-05  2.8477570e-18  3.6064466e-32 -2.5486828e-06 -2.5486828e-06  3.6064466e-32  3.7978110e-52  4.0585210e-39  4.0585210e-39  3.7978110e-52
  1.4625000e-01  2.3679917e-24  2.5305484e-11  2.5305484e-11  2.3679917e-24  2.8477570e-18  3.1326975e-05  3.1326975e-05  2.8477570e-18  3.6064466e-32 -2.6834774e-06 -2.6834774e-06  3.6064466e-32  3.7978110e-52  4.0585210e-39  4.0585210e-39  3.7978110e-52
  1.5000000e-01  2.3679917e-24  2.5305484e-11  2.5305484e-11  2.3679917e-24  2.8477570e-18  3.1373082e-05  3.1373082e-05  2.8477570e-18  3.6064466e-32 -2.8217963e-06 -2.8217963e-06  3.6064466e-32  3.7978110e-52  4.0585210e-39  4.0585210e-39  3.7978110e-52
  1.5375000e-01  2.3679917e-24  2.5305484e-11  2.5305484e-11  2.3679917e-24  2.8477570e-18  3.1420365e-05  3.1420365e-05  2.8477570e-18  3.6064466e-32 -2.9636447e-06 -2.9636447e-06  3.6064466e-32  3.7978110e-52  4.0585210e-39  4.0585210e-39  3.7978110e-52
  1.5750000e-01  2.3679917e-24  2.5305484e-11  2.5305484e-11  2.3679917e-24  2.8477570e-18  3.1468826e-05  3.1468826e-05  2.8477570e-18  3.6064466e-32 -3.1090278e-06 -3.1090278e-06  3.6064466e-32  3.7978110e-52  4.0585210e-39  4.0585210e-39  3.7978110e-52
  1.6125000e-01  2.3679917e-24  2.5305484e-11  2.5305484e-11  2.3679917e-24  2.8477570e-18  3.1518467e-05  3.1518467e-05  2.8477570e-18  3.6064466e-32 -3.2579512e-06 -3.2579512e-06  3.6064466e-32  3.7978110e-52  4.0585210e-39  4.0585210e-39  3.7978110e-52
  1.6500000e-01  2.3679917e-24  2.5305484e-11  2.5305484e-11  2.3679917e-24  2.8477570e-18  3.1569290e-05  3.1569290e-05  2.8477570e-18  3.6064466e-32 -3.4104204e-06 -3.4104204e-06  3.6064466e-32  3.7978110e-52  4.0585210e-39  4.0585210e-39  3.7978110e-52
  1.6875000e-01  2.3679917e-24  2.5305484e-11  2.5305484e-11  2.3679917e-24  2.8477570e-18  3.1621297e-05  3.1621297e-05  2.8477570e-18  3.6064466e-32 -3.5664412e-06 -3.5664412e-06  3.6064466e-32  3.7978110e-52  4.0585210e-39  4.0585210e-39  3.7978110e-52
  1.7250000e-01  2.3679917e-24  2.5305484e-11  2.5305484e-11  2.3679917e-24  2.8477570e-18  3.1674489e-05  3.1674489e-05  2.8477570e-18  3.6064466e-32 -3.7260193e-06 -3.7260193e-06  3.6064466e-32  3.7978110e-52  4.0585210e-39  4.0585210e-39  3.7978110e-52
  1.7625000e-01  2.3679917e-24  2.5305484e-11  2.5305484e-11  2.3679917e-24  2.8477570e-18  3.1728870e-05  3.1728870e-05  2.8477570e-18  3.6064466e-32 -3.8891608e-06 -3.8891608e-06  3.6064466e-32  3.7978110e-52  4.0585210e-39  4.0585210e-39  3.7978110e-52
  1.8000000e-01  2.3679917e-24  2.5305484e-11  2.5305484e-11  2.3679917e-24  2.8477570e-18  3.1784440e-05  3.1784440e-05  2.8477570e-18  3.6064466e-32 -4.0558719e-06 -4.0558719e-06  3.6064466e-32  3.7978110e-52  4.0585210e-39  4.0585210e-39  3.7978110e-52
  1.8375000e-01  2.3679917e-24  2.5305484e-11  2.5305484e-11  2.3679917e-24  2.8477570e-18  3.1841203e-05  3.1841203e-05  2.8477570e-18  3.6064466e-32 -4.2261587e-06 -4.2261587e-06  3.6064466e-32  3.7978110e-52  4.0585210e-39  4.0585210e-39  3.7978110e-52
  1.8750000e-01  2.3679917e-24  2.5305484e-11  2.5305484e-11  2.3679917e-24  2.8477570e-18  3.1899159e-05  3.1899159e-05  2.8477570e-18  3.6064466e-32 -4.4000276e-06 -4.4000276e-06  3.6064466e-32  3.7978110e-52  4.0585210e-39  4.0585210e-39  3.7978110e-52
  1.9125000e-01  2.3679917e-24  2.5305484e-11  2.5305484e-11  2.3679917e-24  2.8477570e-18  3.1958311e-05  3.1958311e-05  2.8477570e-18  3.6064466e-32 -4.5774852e-06 -4.5774852e-06  3.6064466e-32  3.7978110e-52  4.0585210e-39  4.0585210e-39  3.7978110e-52
  1.9500000e-01  2.3679917e-24  2.5305484e-11  2.5305484e-11  2.3679917e-24  2.8477570e-18  3.2018662e-05  3.2018662e-05  2.8477570e-18  3.6064466e-32 -4.7585380e-06 -4.7585380e-06  3.6064466e-32  3.7978110e-52  4.0585210e-39  4.0585210e-39  3.7978110e-52
  1.9875000e-01  2.3679917e-24  2.5305484e-11  2.5305484e-11  2.3679917e-24  2.8477570e-18  3.2080214e-05  3.2080214e-05  2.8477570e-18  3.6064466e-32 -4.9431930e-06 -4.9431930e-06  3.6064466e-32  3.7978110e-52  4.0585210e-39  4.0585210e-39  3.7978110e-52
  2.0250000e-01  2.3679917e-24  2.5305484e-11  2.5305484e-11  2.3679917e-24  2.8477570e-18  3.2142969e-05  3.2142969e-05  2.8477570e-18  3.6064466e-32 -5.1314570e-06 -5.1314570e-06  3.6064466e-32  3.7978110e-52  4.0585210e-39  4.0585210e-39  3.7978110e-52
  2.0625000e-01  2.3679917e-24  2.5305484e-11  2.5305484e-11  2.3679917e-24  2.8477570e-18  3.2206929e-05  3.2206929e-05  2.8477570e-18  3.6064466e-32 -5.3233371e-06 -5.3233371e-06  3.6064466e-32  3.7978110e-52  4.0585210e-39  4.0585210e-39  3.7978110e-52
  2.1000000e-01  2.3679917e-24  2.5305484e-11  2.5305484e-11  2.3679917e-24  2.8477570e-18  3.2272097e-05  3.2272097e-05  2.8477570e-18  3.6064466e-32 -5.5188405e-06 -5.5188405e-06  3.6064466e-32  3.7978110e-52  4.0585210e-39  4.0585210e-39  3.7978110e-52
  2.1375000e-01  2.3679917e-24  2.5305484e-11  2.5305484e-11  2.3679917e-24  2.8477570e-18  3.2338474e-05  3.2338474e-05  2.8477570e-18  3.6064466e-32 -5.7179745e-06 -5.7179745e-06  3.6064466e-32  3.7978110e-52  4.0585210e-39  4.0585210e-39  3.7978110e-52
  2.1750000e-01  2.3679917e-24  2.5305484e-11  2.5305484e-11  2.3679917e-24  2.8477570e-18  3.2406065e-05  3.2406065e-05  2.8477570e-18  3.6064466e-32 -5.9207465e-06 -5.9207465e-06  3.6064466e-32  3.7978110e-52  4.0585210e-39  4.0585210e-39  3.7978110e-52
  2.2125000e-01  2.3679917e-24  2.5305484e-11  2.5305484e-11  2.3679917e-24  2.8477570e-18  3.2474871e-05  3.2474871e-05  2.8477570e-18  3.6064466e-32 -6.1271643e-06 -6.1271643e-06  3.6064466e-32  3.7978110e-52  4.0585210e-39  4.0585210e-39  3.7978110e-52
  2.2500000e-01  2.3679917e-24  2.5305484e-11  2.5305484e-11  2.3679917e-24  2.8477570e-18  3.2544895e-05  3.2544895e-05  2.8477570e-18  3.6064466e-32 -6.3372354e-06 -6.3372354e-06  3.6064466e-32  3.7978110e-52  4.0585210e-39  4.0585210e-39  3.7978110e-52
  2.2875000e-01  2.3679917e-24  2.5305484e-11  2.5305484e-11  2.3679917e-24  2.8477570e-18  3.2616139e-05  3.2616139e-05  2.8477570e-18  3.6064466e-32 -6.5509679e-06 -6.5509679e-06  3.6064466e-32  3.7978110e-52  4.0585210e-39  4.0585210e-39  3.7978110e-52
  2.3250000e-01  2.3679917e-24  2.5305484e-11  2.5305484e-11  2.3679917e-24  2.8477570e-18  3.2688606e-05  3.2688606e-05  2.8477570e-18  3.6064466e-32 -6.7683697e-06 -6.7683697e-06  3.6064466e-32  3.7978110e-52  4.0585210e-39  4.0585210e-39  3.7978110e-52
  2.3625000e-01  2.3679917e-24  2.5305484e-11  2.5305484e-11  2.3679917e-24  2.8477570e-18  3.2762299e-05  3.2762299e-05  2.8477570e-18  3.6064466e-32 -6.9894489e-06 -6.9894489e-06  3.6064466e-32  3.7978110e-52  4.0585210e-39  4.0585210e-39  3.7978110e-52
  2.4000000e-01  2.3679917e-24  2.5305484e-11  2.5305484e-11  2.3679917e-24  2.8477570e-18  3.2837221e-05  3.2837221e-05  2.8477570e-18  3.6064466e-32 -7.2142139e-06 -7.2142139e-06  3.6064466e-32  3.7978110e-52  4.0585210e-39  4.0585210e-39  3.7978110e-52
  2.4375000e-01  2.3679917e-24  2.5305484e-11  2.5305484e-11  2.3679917e-24  2.8477570e-18  3.2913374e-05  3.2913374e-05  2.8477570e-18  3.6064466e-32 -7.4426731e-06 -7.4426731e-06  3.6064466e-32  3.7978110e-52  4.0585210e-39  4.0585210e-39  3.7978110e-52
  2.4750000e-01  2.3679917e-24  2.5305484e-11  2.5305484e-11  2.3679917e-24  2.8477570e-18  3.2990761e-05  3.2990761e-05  2.8477570e-18  3.6064466e-32 -7.6748351e-06 -7.6748351e-06  3.6064466e-32  3.7978110e-52  4.0585210e-39  4.0585210e-39  3.7978110e-52
  2.5125000e-01  2.3679917e-24  2.5305484e-11  2.5305484e-11  2.3679917e-24  2.8477570e-18  3.3069386e-05  3.3069386e-05  2.8477570e-18  3.6064466e-32 -7.9107085e-06 -7.9107085e-06  3.6064466e-32  3.7978110e-52  4.0585210e-39  4.0585210e-39  3.7978110e-52
  2.5500000e-01  2.3679917e-24  2.5305484e-11  2.5305484e-11  2.3679917e-24  2.8477570e-18  3.3149250e-05  3.3149250e-05  2.8477570e-18  3.6064466e-32 -8.1503022e-06 -8.1503022e-06  3.6064466e-32  3.7978110e-52  4.0585210e-39  4.0585210e-39  3.7978110e-52
  2.5875000e-01  2.3679917e-24  2.5305484e-11  2.5305484e-11  2.3679917e-24  2.8477570e-18  3.3230358e-05  3.3230358e-05  2.8477570e-18  3.6064466e-32 -8.3936252e-06 -8.3936252e-06  3.6064466e-32  3.7978110e-52  4.0585210e-39  4.0585210e-39  3.7978110e-52
  2.6250000e-01  2.3679917e-24  2.5305484e-11  2.5305484e-11  2.3679917e-24  2.8477570e-18  3.3312712e-05  3.3312712e-05  2.8477570e-18  3.6064466e-32 -8.6406866e-06 -8.6406866e-06  3.6064466e-32  3.7978110e-52  4.0585210e-39  4.0585210e-39  3.7978110e-52
  2.6625000e-01  2.3679917e-24  2.5305484e-11  2.5305484e-11  2.3679917e-24  2.8477570e-18  3.3396315e-05  3.3396315e-05  2.8477570e-18  3.6064466e-32 -8.8914957e-06 -8.8914957e-06  3.6064466e-32  3.7978110e-52  4.0585210e-39  4.0585210e-39  3.7978110e-52
  2.7000000e-01  2.3679917e-24  2.5305484e-11  2.5305484e-11  2.3679917e-24  2.8477570e-18  3.3481170e-05  3.3481170e-05  2.8477570e-18  3.6064466e-32 -9.1460619e-06 -9.1460619e-06  3.6064466e-32  3.7978110e-52  4.0585210e-39  4.0585210e-39  3.7978110e-52
  2.7375000e-01  2.3679917e-24  2.5305484e-11  2.5305484e-11  2.3679917e-24  2.8477570e-18  3.3567281e-05  3.3567281e-05  2.8477570e-18  3.6064466e-32 -9.4043947e-06 -9.4043947e-06  3.6064466e-32  3.7978110e-52  4.0585210e-39  4.0585210e-39  3.7978110e-52
  2.7750000e-01  2.3679917e-24  2.5305484e-11  2.5305484e-11  2.3679917e-24  2.8477570e-18  3.3654651e-05  3.3654651e-05  2.8477570e-18  3.6064466e-32 -9.6665039e-06 -9.6665039e-06  3.6064466e-32  3.7978110e-52  4.0585210e-39  4.0585210e-39  3.7978110e-52
  2.8125000e-01  2.3679917e-24  2.5305484e-11  2.5305484e-11  2.3679917e-24  2.8477570e-18  3.3743283e-05  3.3743283e-05  2.8477570e-18  3.6064466e-32 -9.9323992e-06 -9.9323992e-06  3.6064466e-32  3.7978110e-52  4.0585210e-39  4.0585210e-39  3.7978110e-52
  2.8500000e-01  2.3679917e-24  2.5305484e-11  2.5305484e-11  2.3679917e-24  2.8477570e-18  3.3833180e-05  3.3833180e-05  2.8477570e-18  3.6064466e-32 -1.0202091e-05 -1.0202091e-05  3.6064466e-32  3.7978110e-52  4.0585210e-39  4.0585210e-39  3.7978110e-52
  2.8875000e-01  2.3679917e-24  2.5305484e-11  2.5305484e-11  2.3679917e-24  2.8477570e-18  3.3924346e-05  3.3924346e-05  2.8477570e-18  3.6064466e-32 -1.0475588e-05 -1.0475588e-05  3.6064466e-32  3.7978110e-52  4.0585210e-39  4.0585210e-39  3.7978110e-52
  2.9250000e-01  2.3679917e-24  2.5305484e-11  2.5305484e-11  2.3679917e-24  2.8477570e-18  3.4016784e-05  3.4016784e-05  2.8477570e-18  3.6064466e-32 -1.0752902e-05 -1.0752902e-05  3.6064466e-32  3.7978110e-52  4.0585210e-39  4.0585210e-39  3.7978110e-52
  2.9625000e-01  2.3679917e-24  2.5305484e-11  2.5305484e-11  2.3679917e-24  2.8477570e-18  3.4110497e-05  3.4110497e-05  2.8477570e-18  3.6064466e-32 -1.1034043e-05 -1.1034043e-05  3.6064466e-32  3.7978110e-52  4.0585210e-39  4.0585210e-39  3.7978110e-52
  3.0000000e-01  2.3679917e-24  2.5305484e-11  2.5305484e-11  2.3679917e-24  2.8477570e-18  3.4205490e-05  3.4205490e-05  2.8477570e-18  3.6064466e-32 -1.1319022e-05 -1.1319022e-05  3.6064466e-32  3.7978110e-52  4.0585210e-39  4.0585210e-39  3.7978110e-52
  3.0375000e-01  2.3679917e-24  2.5305484e-11  2.5305484e-11  2.3679917e-24  2.8477570e-18  3.4301766e-05  3.4301766e-05  2.8477570e-18  3.6064466e-32 -1.1607848e-05 -1.1607848e-05  3.6064466e-32  3.7978110e-52  4.0585210e-39  4.0585210e-39  3.7978110e-52
  3.0750000e-01  2.3679917e-24  2.5305484e-11  2.5305484e-11  2.3679917e-24  2.8477570e-18  3.4399328e-05  3.4399328e-05  2.8477570e-18  3.6064466e-32 -1.1900534e-05 -1.1900534e-05  3.6064466e-32  3.7978110e-52  4.0585210e-39  4.0585210e-39  3.7978110e-52
  3.1125000e-01  2.3679917e-24  2.5305484e-11  2.5305484e-11  2.3679917e-24  2.8477570e-18  3.4498179e-05  3.4498179e-05  2.8477570e-18  3.6064466e-32 -1.2197089e-05 -1.2197089e-05  3.6064466e-32  3.7978110e-52  4.0585210e-39  4.0585210e-39  3.7978110e-52
  3.1500000e-01  2.3679917e-24  2.5305484e-11  2.5305484e-11  2.3679917e-24  2.8477570e-18  3.4598325e-05  3.4598325e-05  2.8477570e-18  3.6064466e-32 -1.2497526e-05 -1.2497526e-05  3.6064466e-32  3.7978110e-52  4.0585210e-39  4.0585210e-39  3.7978110e-52
  3.1875000e-01  2.3679917e-24  2.5305484e-11  2.5305484e-11  2.3679917e-24  2.8477570e-18  3.4699768e-05  3.4699768e-05  2.8477570e-18  3.6064466e-32 -1.2801855e-05 -1.2801855e-05  3.6064466e-32  3.7978110e-52  4.0585210e-39  4.0585210e-39  3.7978110e-52
  3.2250000e-01  2.3679917e-24  2.5305484e-11  2.5305484e-11  2.3679917e-24  2.8477570e-18  3.4802512e-05  3.4802512e-05  2.8477570e-18  3.6064466e-32 -1.3110087e-05 -1.3110087e-05  3.6064466e-32  3.7978110e-52  4.0585210e-39  4.0585210e-39  3.7978110e-52
  3.2625000e-01  2.3679917e-24  2.5305484e-11  2.5305484e-11  2.3679917e-24  2.8477570e-18  3.4906561e-05  3.4906561e-05  2.8477570e-18  3.6064466e-32 -1.3422235e-05 -1.3422235e-05  3.6064466e-32  3.7978110e-52  4.0585210e-39  4.0585210e-39  3.7978110e-52
  3.3000000e-01  2.3679917e-24  2.5305484e-11  2.5305484e-11  2.3679917e-24  2.8477570e-18  3.5011920e-05  3.5011920e-05  2.8477570e-18  3.6064466e-32 -1.3738310e-05 -1.3738310e-05  3.6064466e-32  3.7978110e-52  4.0585210e-39  4.0585210e-39  3.7978110e-52
  3.3375000e-01  2.3679917e-24  2.5305484e-11  2.5305484e-11  2.3679917e-24  2.8477570e-18  3.5118591e-05  3.5118591e-05  2.8477570e-18  3.6064466e-32 -1.4058323e-05 -1.4058323e-05  3.6064466e-32  3.7978110e-52  4.0585210e-39  4.0585210e-39  3.7978110e-52
  3.3750000e-01  2.3679917e-24  2.5305484e-11  2.5305484e-11  2.3679917e-24  2.8477570e-18  3.5226579e-05  3.5226579e-05  2.8477570e-18  3.6064466e-32 -1.4382288e-05 -1.4382288e-05  3.6064466e-32  3.7978110e-52  4.0585210e-39  4.0585210e-39  3.7978110e-52
  3.4125000e-01  2.3679917e-24  2.5305484e-11  2.5305484e-11  2.3679917e-24  2.8477570e-18  3.5335888e-05  3.5335888e-05  2.8477570e-18  3.6064466e-32 -1.4710215e-05 -1.4710215e-05  3.6064466e-32  3.7978110e-52  4.0585210e-39  4.0585210e-39  3.7978110e-52
  3.4500000e-01  2.3679917e-24  2.5305484e-11  2.5305484e-11  2.3679917e-24  2.8477570e-18  3.5446522e-05  3.5446522e-05  2.8477570e-18  3.6064466e-32 -1.5042118e-05 -1.5042118e-05  3.6064466e-32  3.7978110e-52  4.0585210e-39  4.0585210e-39  3.7978110e-52
  3.4875000e-01  2.3679917e-24  2.5305484e-11  2.5305484e-11  2.3679917e-24  2.8477570e-18  3.5558486e-05  3.5558486e-05  2.8477570e-18  3.6064466e-32 -1.5378008e-05 -1.5378008e-05  3.6064466e-32  3.7978110e-52  4.0585210e-39  4.0585210e-39  3.7978110e-52
  3.5250000e-01  2.3679917e-24  2.5305484e-11  2.5305484e-11  2.3679917e-24  2.8477570e-18  3.5671783e-05  3.5671783e-05  2.8477570e-18  3.6064466e-32 -1.5717899e-05 -1.5717899e-05  3.6064466e-32  3.7978110e-52  4.0585210e-39  4.0585210e-39  3.7978110e-52
  3.5625000e-01  2.3679917e-24  2.5305484e-11  2.5305484e-11  2.3679917e-24  2.8477570e-18  3.5786417e-05  3.5786417e-05  2.8477570e-18  3.6064466e-32 -1.6061803e-05 -1.6061803e-05  3.6064466e-32  3.7978110e-52  4.0585210e-39  4.0585210e-39  3.7978110e-52
  3.6000000e-01  2.3679917e-24  2.5305484e-11  2.5305484e-11  2.3679917e-24  2.8477570e-18  3.5902394e-05  3.5902394e-05  2.8477570e-18  3.6064466e-32 -1.6409733e-05 -1.6409733e-05  3.6064466e-32  3.7978110e-52  4.0585210e-39  4.0585210e-39  3.7978110e-52
  3.6375000e-01  2.3679917e-24  2.5305484e-11  2.5305484e-11  2.3679917e-24  2.8477570e-18  3.6019717e-05  3.6019717e-05  2.8477570e-18  3.6064466e-32 -1.6761702e-05 -1.6761702e-05  3.6064466e-32  3.7978110e-52  4.0585210e-39  4.0585210e-39  3.7978110e-52
  3.6750000e-01  2.3679917e-24  2.5305484e-11  2.5305484e-11  2.3679917e-24  2.8477570e-18  3.6138391e-05  3.6138391e-05  2.8477570e-18  3.6064466e-32 -1.7117723e-05 -1.7117723e-05  3.6064466e-32  3.7978110e-52  4.0585210e-39  4.0585210e-39  3.7978110e-52
  3.7125000e-01  2.3679917e-24  2.5305484e-11  2.5305484e-11  2.3679917e-24  2.8477570e-18  3.6258420e-05  3.6258420e-05  2.8477570e-18  3.6064466e-32 -1.7477810e-05 -1.7477810e-05  3.6064466e-32  3.7978110e-52  4.0585210e-39  4.0585210e-39  3.7978110e-52
  3.7500000e-01  2.3679917e-24  2.5305484e-11  2.5305484e-11  2.3679917e-24  2.8477570e-18  3.6379808e-05  3.6379808e-05  2.8477570e-18  3.6064466e-32 -1.7841975e-05 -1.7841975e-05  3.6064466e-32  3.7978110e-52  4.0585210e-39  4.0585210e-39  3.7978110e-52
  3.7875000e-01  2.3679917e-24  2.5305484e-11  2.5305484e-11  2.3679917e-24  2.8477570e-18  3.6502561e-05  3.6502561e-05  2.8477570e-18  3.6064466e-32 -1.8210234e-05 -1.8210234e-05  3.6064466e-32  3.7978110e-52  4.0585210e-39  4.0585210e-39  3.7978110e-52
  3.8250000e-01  2.3679917e-24  2.5305484e-11  2.5305484e-11  2.3679917e-24  2.8477570e-18  3.6626683e-05  3.6626683e-05  2.8477570e-18  3.6064466e-32 -1.8582599e-05 -1.8582599e-05  3.6064466e-32  3.7978110e-52  4.0585210e-39  4.0585210e-39  3.7978110e-52
  3.8625000e-01  2.3679917e-24  2.5305484e-11  2.5305484e-11  2.3679917e-24  2.8477570e-18  3.6752178e-05  3.6752178e-05  2.8477570e-18  3.6064466e-32 -1.8959084e-05 -1.8959084e-05  3.6064466e-32  3.7978110e-52  4.0585210e-39  4.0585210e-39  3.7978110e-52
  3.9000000e-01  2.3679917e-24  2.5305484e-11  2.5305484e-11  2.3679917e-24  2.8477570e-18  3.6879051e-05  3.6879051e-05  2.8477570e-18  3.6064466e-32 -1.9339705e-05 -1.9339705e-05  3.6064466e-32  3.7978110e-52  4.0585210e-39  4.0585210e-39  3.7978110e-52
  3.9375000e-01  2.3679917e-24  2.5305484e-11  2.5305484e-11  2.3679917e-24  2.8477570e-18  3.7007308e-05  3.7007308e-05  2.8477570e-18  3.6064466e-32 -1.9724474e-05 -1.9724474e-05  3.6064466e-32  3.7978110e-52  4.0585210e-39  4.0585210e-39  3.7978110e-52
  3.9750000e-01  2.3679917e-24  2.5305484e-11  2.5305484e-11  2.3679917e-24  2.8477570e-18  3.7136952e-05  3.7136952e-05  2.8477570e-18  3.6064466e-32 -2.0113406e-05 -2.0113406e-05  3.6064466e-32  3.7978110e-52  4.0585210e-39  4.0585210e-39  3.7978110e-52
  4.0125000e-01  2.3679917e-24  2.5305484e-11  2.5305484e-11  2.3679917e-24  2.8477570e-18  3.7267988e-05  3.7267988e-05  2.8477570e-18  3.6064466e-32 -2.0506516e-05 -2.0506516e-05  3.6064466e-32  3.7978110e-52  4.0585210e-39  4.0585210e-39  3.7978110e-52
  4.0500000e-01  2.3679917e-24  2.5305484e-11  2.5305484e-11  2.3679917e-24  2.8477570e-18  3.7400423e-05  3.7400423e-05  2.8477570e-18  3.6064466e-32 -2.0903819e-05 -2.0903819e-05  3.6064466e-32  3.7978110e-52  4.0585210e-39  4.0585210e-39  3.7978110e-52
  4.0875000e-01  2.3679917e-24  2.5305484e-11  2.5305484e-11  2.3679917e-24  2.8477570e-18  3.7534260e-05  3.7534260e-05  2.8477570e-18  3.6064466e-32 -2.1305330e-05 -2.1305330e-05  3.6064466e-32  3.7978110e-52  4.0585210e-39  4.0585210e-39  3.7978110e-52
  4.1250000e-01  2.3679917e-24  2.5305484e-11  2.5305484e-11  2.3679917e-24  2.8477570e-18  3.7669504e-05  3.7669504e-05  2.8477570e-18  3.6064466e-32 -2.1711063e-05 -2.1711063e-05  3.6064466e-32  3.7978110e-52  4.0585210e-39  4.0585210e-39  3.7978110e-52
  4.1625000e-01  2.3679917e-24  2.5305484e-11  2.5305484e-11  2.3679917e-24  2.8477570e-18  3.7806161e-05  3.7806161e-05  2.8477570e-18  3.6064466e-32 -2.2121033e-05 -2.2121033e-05  3.6064466e-32  3.7978110e-52  4.0585210e-39  4.0585210e-39  3.7978110e-52
  4.2000000e-01  2.3679917e-24  2.5305484e-11  2.5305484e-11  2.3679917e-24  2.8477570e-18  3.7944236e-05  3.7944236e-05  2.8477570e-18  3.6064466e-32 -2.2535257e-05 -2.2535257e-05  3.6064466e-32  3.7978110e-52  4.0585210e-39  4.0585210e-39  3.7978110e-52
  4.2375000e-01  2.3679917e-24  2.5305484e-11  2.5305484e-11  2.3679917e-24  2.8477570e-18  3.8083733e-05  3.8083733e-05  2.8477570e-18  3.6064466e-32 -2.2953750e-05 -2.2953750e-05  3.6064466e-32  3.7978110e-52  4.0585210e-39  4.0585210e-39  3.7978110e-52
  4.2750000e-01  2.3679917e-24  2.5305484e-11  2.5305484e-11  2.3679917e-24  2.8477570e-18  3.8224659e-05  3.8224659e-05  2.8477570e-18  3.6064466e-32 -2.3376527e-05 -2.3376527e-05  3.6064466e-32  3.7978110e-52  4.0585210e-39  4.0585210e-39  3.7978110e-52
  4.3125000e-01  2.3679917e-24  2.5305484e-11  2.5305484e-11  2.3679917e-24  2.8477570e-18  3.8367018e-05  3.8367018e-05  2.8477570e-18  3.6064466e-32 -2.3803605e-05 -2.3803605e-05  3.6064466e-32  3.7978110e-52  4.0585210e-39  4.0585210e-39  3.7978110e-52
  4.3500000e-01  2.3679917e-24  2.5305484e-11  2.5305484e-11  2.3679917e-24  2.8477570e-18  3.8510816e-05  3.8510816e-05  2.8477570e-18  3.6064466e-32 -2.4234999e-05 -2.4234999e-05  3.6064466e-32  3.7978110e-52  4.0585210e-39  4.0585210e-39  3.7978110e-52
  4.3875000e-01  2.3679917e-24  2.5305484e-11  2.5305484e-11  2.3679917e-24  2.8477570e-18  3.8656058e-05  3.8656058e-05  2.8477570e-18  3.6064466e-32 -2.4670725e-05 -2.4670725e-05  3.6064466e-32  3.7978110e-52  4.0585210e-39  4.0585210e-39  3.7978110e-52
  4.4250000e-01  2.3679917e-24  2.5305484e-11  2.5305484e-11  2.3679917e-24  2.8477570e-18  3.8802750e-05  3.8802750e-05  2.8477570e-18  3.6064466e-32 -2.5110800e-05 -2.5110800e-05  3.6064466e-32  3.7978110e-52  4.0585210e-39  4.0585210e-39  3.7978110e-52
  4.4625000e-01  2.3679917e-24  2.5305484e-11  2.5305484e-11  2.3679917e-24  2.8477570e-18  3.8950896e-05  3.8950896e-05  2.8477570e-18  3.6064466e-32 -2.5555240e-05 -2.5555240e-05  3.6064466e-32  3.7978110e-52  4.0585210e-39  4.0585210e-39  3.7978110e-52
  4.5000000e-01  2.3679917e-24  2.5305484e-11  2.5305484e-11  2.3679917e-24  2.8477570e-18  3.9100504e-05  3.9100504e-05  2.8477570e-18  3.6064466e-32 -2.6004063e-05 -2.6004063e-05  3.6064466e-32  3.7978110e-52  4.0585210e-39  4.0585210e-39  3.7978110e-52
  4.5375000e-01  2.3679917e-24  2.5305484e-11  2.5305484e-11  2.3679917e-24  2.8477570e-18  3.9251578e-05  3.9251578e-05  2.8477570e-18  3.6064466e-32 -2.6457284e-05 -2.6457284e-05  3.6064466e-32  3.7978110e-52  4.0585210e-39  4.0585210e-39  3.7978110e-52
  4.5750000e-01  2.3679917e-24  2.5305484e-11  2.5305484e-11  2.3679917e-24  2.8477570e-18  3.9404123e-05  3.9404123e-05  2.8477570e-18  3.6064466e-32 -2.6914921e-05 -2.6914921e-05  3.6064466e-32  3.7978110e-52  4.0585210e-39  4.0585210e-39  3.7978110e-52
  4.6125000e-01  2.3679917e-24  2.5305484e-11  2.5305484e-11  2.3679917e-24  2.8477570e-18  3.9558147e-05  3.9558147e-05  2.8477570e-18  3.6064466e-32 -2.7376991e-05 -2.7376991e-05  3.6064466e-32  3.7978110e-52  4.0585210e-39  4.0585210e-39  3.7978110e-52
  4.6500000e-01  2.3679917e-24  2.5305484e-11  2.5305484e-11  2.3679917e-24  2.8477570e-18  3.9713653e-05  3.9713653e-05  2.8477570e-18  3.6064466e-32 -2.7843511e-05 -2.7843511e-05  3.6064466e-32  3.7978110e-52  4.0585210e-39  4.0585210e-39  3.7978110e-52
  4.6875000e-01  2.3679917e-24  2.5305484e-11  2.5305484e-11  2.3679917e-24  2.8477570e-18  3.9870649e-05  3.9870649e-05  2.8477570e-18  3.6064466e-32 -2.8314499e-05 -2.8314499e-05  3.6064466e-32  3.7978110e-52  4.0585210e-39  4.0585210e-39  3.7978110e-52
  4.7250000e-01  2.3679917e-24  2.5305484e-11  2.5305484e-11  2.3679917e-24  2.8477570e-18  4.0029140e-05  4.0029140e-05  2.8477570e-18  3.6064466e-32 -2.8789972e-05 -2.8789972e-05  3.6064466e-32  3.7978110e-52  4.0585210e-39  4.0585210e-39  3.7978110e-52
  4.7625000e-01  2.3679917e-24  2.5305484e-11  2.5305484e-11  2.3679917e-24  2.8477570e-18  4.0189133e-05  4.0189133e-05  2.8477570e-18  3.6064466e-32 -2.9269949e-05 -2.9269949e-05  3.6064466e-32  3.7978110e-52  4.0585210e-39  4.0585210e-39  3.7978110e-52
  4.8000000e-01  2.3679917e-24  2.5305484e-11  2.5305484e-11  2.3679917e-24  2.8477570e-18  4.0350632e-05  4.0350632e-05  2.8477570e-18  3.6064466e-32 -2.9754447e-05 -2.9754447e-05  3.6064466e-32  3.7978110e-52  4.0585210e-39  4.0585210e-39  3.7978110e-52
  4.8375000e-01  2.3679917e-24  2.5305484e-11  2.5305484e-11  2.3679917e-24  2.8477570e-18  4.0513644e-05  4.0513644e-05  2.8477570e-18  3.6064466e-32 -3.0243484e-05 -3.0243484e-05  3.6064466e-32  3.7978110e-52  4.0585210e-39  4.0585210e-39  3.7978110e-52
  4.8750000e-01  2.3679917e-24  2.5305484e-11  2.5305484e-11  2.3679917e-24  2.8477570e-18  4.0678176e-05  4.0678176e-05  2.8477570e-18  3.6064466e-32 -3.0737080e-05 -3.0737080e-05  3.6064466e-32  3.7978110e-52  4.0585210e-39  4.0585210e-39  3.7978110e-52
  4.9125000e-01  2.3679917e-24  2.5305484e-11  2.5305484e-11  2.3679917e-24  2.8477570e-18  4.0844233e-05  4.0844233e-05  2.8477570e-18  3.6064466e-32 -3.1235251e-05 -3.1235251e-05  3.6064466e-32  3.7978110e-52  4.0585210e-39  4.0585210e-39  3.7978110e-52
  4.9500000e-01  2.3679917e-24  2.5305484e-11  2.5305484e-11  2.3679917e-24  2.8477570e-18  4.1011822e-05  4.1011822e-05  2.8477570e-18  3.6064466e-32 -3.1738018e-05 -3.1738018e-05  3.6064466e-32  3.7978110e-52  4.0585210e-39  4.0585210e-39  3.7978110e-52
  4.9875000e-01  2.3679917e-24  2.5305484e-11  2.5305484e-11  2.3679917e-24  2.8477570e-18  4.1180949e-05  4.1180949e-05  2.8477570e-18  3.6064466e-32 -3.2245398e-05 -3.2245398e-05  3.6064466e-32  3.7978110e-52  4.0585210e-39  4.0585210e-39  3.7978110e-52
  5.0250000e-01  2.3679917e-24  2.5305484e-11  2.5305484e-11  2.3679917e-24  2.8477570e-18  4.1351620e-05  4.1351620e-05  2.8477570e-18  3.6064466e-32 -3.2757411e-05 -3.2757411e-05  3.6064466e-32  3.7978110e-52  4.0585210e-39  4.0585210e-39  3.7978110e-52
  5.0625000e-01  2.3679917e-24  2.5305484e-11  2.5305484e-11  2.3679917e-24  2.8477570e-18  4.1523842e-05  4.1523842e-05  2.8477570e-18  3.6064466e-32 -3.3274076e-05 -3.3274076e-05  3.6064466e-32  3.7978110e-52  4.0585210e-39  4.0585210e-39  3.7978110e-52
  5.1000000e-01  2.3679917e-24  2.5305484e-11  2.5305484e-11  2.3679917e-24  2.8477570e-18  4.1697621e-05  4.1697621e-05  2.8477570e-18  3.6064466e-32 -3.3795413e-05 -3.3795413e-05  3.6064466e-32  3.7978110e-52  4.0585210e-39  4.0585210e-39  3.7978110e-52
  5.1375000e-01  2.3679917e-24  2.5305484e-11  2.5305484e-11  2.3679917e-24  2.8477570e-18  4.1872963e-05  4.1872963e-05  2.8477570e-18  3.6064466e-32 -3.4321441e-05 -3.4321441e-05  3.6064466e-32  3.7978110e-52  4.0585210e-39  4.0585210e-39  3.7978110e-52
  5.1750000e-01  2.3679917e-24  2.5305484e-11  2.5305484e-11  2.3679917e-24  2.8477570e-18  4.2049876e-05  4.2049876e-05  2.8477570e-18  3.6064466e-32 -3.4852179e-05 -3.4852179e-05  3.6064466e-32  3.7978110e-52  4.0585210e-39  4.0585210e-39  3.7978110e-52
  5.2125000e-01  2.3679917e-24  2.5305484e-11  2.5305484e-11  2.3679917e-24  2.8477570e-18  4.2228366e-05  4.2228366e-05  2.8477570e-18  3.6064466e-32 -3.5387648e-05 -3.5387648e-05  3.6064466e-32  3.7978110e-52  4.0585210e-39  4.0585210e-39  3.7978110e-52
  5.2500000e-01  2.3679917e-24  2.5305484e-11  2.5305484e-11  2.3679917e-24  2.8477570e-18  4.2408439e-05  4.2408439e-05  2.8477570e-18  3.6064466e-32 -3.5927868e-05 -3.5927868e-05  3.6064466e-32  3.7978110e-52  4.0585210e-39  4.0585210e-39  3.7978110e-52
  5.2875000e-01  2.3679917e-24  2.5305484e-11  2.5305484e-11  2.3679917e-24  2.8477570e-18  4.2590102e-05  4.2590102e-05  2.8477570e-18  3.6064466e-32 -3.6472858e-05 -3.6472858e-05  3.6064466e-32  3.7978110e-52  4.0585210e-39  4.0585210e-39  3.7978110e-52
  5.3250000e-01  2.3679917e-24  2.5305484e-11  2.5305484e-11  2.3679917e-24  2.8477570e-18  4.2773363e-05  4.2773363e-05  2.8477570e-18  3.6064466e-32 -3.7022640e-05 -3.7022640e-05  3.6064466e-32  3.7978110e-52  4.0585210e-39  4.0585210e-39  3.7978110e-52
  5.3625000e-01  2.3679917e-24  2.5305484e-11  2.5305484e-11  2.3679917e-24  2.8477570e-18  4.2958228e-05  4.2958228e-05  2.8477570e-18  3.6064466e-32 -3.7577234e-05 -3.7577234e-05  3.6064466e-32  3.7978110e-52  4.0585210e-39  4.0585210e-39  3.7978110e-52
  5.4000000e-01  2.3679917e-24  2.5305484e-11  2.5305484e-11  2.3679917e-24  2.8477570e-18  4.3144703e-05  4.3144703e-05  2.8477570e-18  3.6064466e-32 -3.8136661e-05 -3.8136661e-05  3.6064466e-32  3.7978110e-52  4.0585210e-39  4.0585210e-39  3.7978110e-52
  5.4375000e-01  2.3679917e-24  2.5305484e-11  2.5305484e-11  2.3679917e-24  2.8477570e-18  4.3332797e-05  4.3332797e-05  2.8477570e-18  3.6064466e-32 -3.8700942e-05 -3.8700942e-05  3.6064466e-32  3.7978110e-52  4.0585210e-39  4.0585210e-39  3.7978110e-52
  5.4750000e-01  2.3679917e-24  2.5305484e-11  2.5305484e-11  2.3679917e-24  2.8477570e-18  4.3522515e-05  4.3522515e-05  2.8477570e-18  3.6064466e-32 -3.9270097e-05 -3.9270097e-05  3.6064466e-32  3.7978110e-52  4.0585210e-39  4.0585210e-39  3.7978110e-52
  5.5125000e-01  2.3679917e-24  2.5305484e-11  2.5305484e-11  2.3679917e-24  2.8477570e-18  4.3713866e-05  4.3713866e-05  2.8477570e-18  3.6064466e-32 -3.9844149e-05 -3.9844149e-05  3.6064466e-32  3.7978110e-52  4.0585210e-39  4.0585210e-39  3.7978110e-52
  5.5500000e-01  2.3679917e-24  2.5305484e-11  2.5305484e-11  2.3679917e-24  2.8477570e-18  4.3906856e-05  4.3906856e-05  2.8477570e-18  3.6064466e-32 -4.0423119e-05 -4.0423119e-05  3.6064466e-32  3.7978110e-52  4.0585210e-39  4.0585210e-39  3.7978110e-52
  5.5875000e-01  2.3679917e-24  2.5305484e-11  2.5305484e-11  2.3679917e-24  2.8477570e-18  4.4101492e-05  4.4101492e-05  2.8477570e-18  3.6064466e-32 -4.1007028e-05 -4.1007028e-05  3.6064466e-32  3.7978110e-52  4.0585210e-39  4.0585210e-39  3.7978110e-52
  5.6250000e-01  2.3679917e-24  2.5305484e-11  2.5305484e-11  2.3679917e-24  2.8477570e-18  4.4297782e-05  4.4297782e-05  2.8477570e-18  3.6064466e-32 -4.1595898e-05 -4.1595898e-05  3.6064466e-32  3.7978110e-52  4.0585210e-39  4.0585210e-39  3.7978110e-52
  5.6625000e-01  2.3679917e-24  2.5305484e-11  2.5305484e-11  2.3679917e-24  2.8477570e-18  4.4495734e-05  4.4495734e-05  2.8477570e-18  3.6064466e-32 -4.2189752e-05 -4.2189752e-05  3.6064466e-32  3.7978110e-52  4.0585210e-39  4.0585210e-39  3.7978110e-52
  5.7000000e-01  2.3679917e-24  2.5305484e-11  2.5305484e-11  2.3679917e-24  2.8477570e-18  4.4695354e-05  4.4695354e-05  2.8477570e-18  3.6064466e-32 -4.2788612e-05 -4.2788612e-05  3.6064466e-32  3.7978110e-52  4.0585210e-39  4.0585210e-39  3.7978110e-52
  5.7375000e-01  2.3679917e-24  2.5305484e-11  2.5305484e-11  2.3679917e-24  2.8477570e-18  4.4896650e-05  4.4896650e-05  2.8477570e-18  3.6064466e-32 -4.3392500e-05 -4.3392500e-05  3.6064466e-32  3.7978110e-52  4.0585210e-39  4.0585210e-39  3.7978110e-52
  5.7750000e-01  2.3679917e-24  2.5305484e-11  2.5305484e-11  2.3679917e-24  2.8477570e-18  4.5099629e-05  4.5099629e-05  2.8477570e-18  3.6064466e-32 -4.4001439e-05 -4.4001439e-05  3.6064466e-32  3.7978110e-52  4.0585210e-39  4.0585210e-39  3.7978110e-52
  5.8125000e-01  2.3679917e-24  2.5305484e-11  2.5305484e-11  2.3679917e-24  2.8477570e-18  4.5304300e-05  4.5304300e-05  2.8477570e-18  3.6064466e-32 -4.4615452e-05 -4.4615452e-05  3.6064466e-32  3.7978110e-52  4.0585210e-39  4.0585210e-39  3.7978110e-52
  5.8500000e-01  2.3679917e-24  2.5305484e-11  2.5305484e-11  2.3679917e-24  2.8477570e-18  4.5510670e-05  4.5510670e-05  2.8477570e-18  3.6064466e-32 -4.5234561e-05 -4.5234561e-05  3.6064466e-32  3.7978110e-52  4.0585210e-39  4.0585210e-39  3.7978110e-52
  5.8875000e-01  2.3679917e-24  2.5305484e-11  2.5305484e-11  2.3679917e-24  2.8477570e-18  4.5718746e-05  4.5718746e-05  2.8477570e-18  3.6064466e-32 -4.5858790e-05 -4.5858790e-05  3.6064466e-32  3.7978110e-52  4.0585210e-39  4.0585210e-39  3.7978110e-52
  5.9250000e-01  2.3679917e-24  2.5305484e-11  2.5305484e-11  2.3679917e-24  2.8477570e-18  4.5928537e-05  4.5928537e-05  2.8477570e-18  3.6064466e-32 -4.6488163e-05 -4.6488163e-05  3.6064466e-32  3.7978110e-52  4.0585210e-39  4.0585210e-39  3.7978110e-52
  5.9625000e-01  2.3679917e-24  2.5305484e-11  2.5305484e-11  2.3679917e-24  2.8477570e-18  4.6140051e-05  4.6140051e-05  2.8477570e-18  3.6064466e-32 -4.7122703e-05 -4.7122703e-05  3.6064466e-32  3.7978110e-52  4.0585210e-39  4.0585210e-39  3.7978110e-52
  6.0000000e-01  2.3679917e-24  2.5305484e-11  2.5305484e-11  2.3679917e-24  2.8477570e-18  4.6353294e-05  4.6353294e-05  2.8477570e-18  3.6064466e-32 -4.7762433e-05 -4.7762433e-05  3.6064466e-32  3.7978110e-52  4.0585210e-39  4.0585210e-39  3.7978110e-52
  6.0375000e-01  2.3679917e-24  2.5305484e-11  2.5305484e-11  2.3679917e-24  2.8477570e-18  4.6568276e-05  4.6568276e-05  2.8477570e-18  3.6064466e-32 -4.8407378e-05 -4.8407378e-05  3.6064466e-32  3.7978110e-52  4.0585210e-39  4.0585210e-39  3.7978110e-52
  6.0750000e-01  2.3679917e-24  2.5305484e-11  2.5305484e-11  2.3679917e-24  2.8477570e-18  4.6785004e-05  4.6785004e-05  2.8477570e-18  3.6064466e-32 -4.9057562e-05 -4.9057562e-05  3.6064466e-32  3.7978110e-52  4.0585210e-39  4.0585210e-39  3.7978110e-52
  6.1125000e-01  2.3679917e-24  2.5305484e-11  2.5305484e-11  2.3679917e-24  2.8477570e-18  4.7003486e-05  4.7003486e-05  2.8477570e-18  3.6064466e-32 -4.9713010e-05 -4.9713010e-05  3.6064466e-32  3.7978110e-52  4.0585210e-39  4.0585210e-39  3.7978110e-52
  6.1500000e-01  2.3679917e-24  2.5305484e-11  2.5305484e-11  2.3679917e-24  2.8477570e-18  4.7223731e-05  4.7223731e-05  2.8477570e-18  3.6064466e-32 -5.0373745e-05 -5.0373745e-05  3.6064466e-32  3.7978110e-52  4.0585210e-39  4.0585210e-39  3.7978110e-52
  6.1875000e-01  2.3679917e-24  2.5305484e-11  2.5305484e-11  2.3679917e-24  2.8477570e-18  4.7445747e-05  4.7445747e-05  2.8477570e-18  3.6064466e-32 -5.1039793e-05 -5.1039793e-05  3.6064466e-32  3.7978110e-52  4.0585210e-39  4.0585210e-39  3.7978110e-52
  6.2250000e-01  2.3679917e-24  2.5305484e-11  2.5305484e-11  2.3679917e-24  2.8477570e-18  4.7669542e-05  4.7669542e-05  2.8477570e-18  3.6064466e-32 -5.1711178e-05 -5.1711178e-05  3.6064466e-32  3.7978110e-52  4.0585210e-39  4.0585210e-39  3.7978110e-52
  6.2625000e-01  2.3679917e-24  2.5305484e-11  2.5305484e-11  2.3679917e-24  2.8477570e-18  4.7895125e-05  4.7895125e-05  2.8477570e-18  3.6064466e-32 -5.2387927e-05 -5.2387927e-05  3.6064466e-32  3.7978110e-52  4.0585210e-39  4.0585210e-39  3.7978110e-52
  6.3000000e-01  2.3679917e-24  2.5305484e-11  2.5305484e-11  2.3679917e-24  2.8477570e-18  4.8122504e-05  4.8122504e-05  2.8477570e-18  3.6064466e-32 -5.3070063e-05 -5.3070063e-05  3.6064466e-32  3.7978110e-52  4.0585210e-39  4.0585210e-39  3.7978110e-52
  6.3375000e-01  2.3679917e-24  2.5305484e-11  2.5305484e-11  2.3679917e-24  2.8477570e-18  4.8351688e-05  4.8351688e-05  2.8477570e-18  3.6064466e-32 -5.3757614e-05 -5.3757614e-05  3.6064466e-32  3.7978110e-52  4.0585210e-39  4.0585210e-39  3.7978110e-52
  6.3750000e-01  2.3679917e-24  2.5305484e-11  2.5305484e-11  2.3679917e-24  2.8477570e-18  4.8582684e-05  4.8582684e-05  2.8477570e-18  3.6064466e-32 -5.4450604e-05 -5.4450604e-05  3.6064466e-32  3.7978110e-52  4.0585210e-39  4.0585210e-39  3.7978110e-52
  6.4125000e-01  2.3679917e-24  2.5305484e-11  2.5305484e-11  2.3679917e-24  2.8477570e-18  4.8815503e-05  4.8815503e-05  2.8477570e-18  3.6064466e-32 -5.5149059e-05 -5.5149059e-05  3.6064466e-32  3.7978110e-52  4.0585210e-39  4.0585210e-39  3.7978110e-52
  6.4500000e-01  2.3679917e-24  2.5305484e-11  2.5305484e-11  2.3679917e-24  2.8477570e-18  4.9050152e-05  4.9050152e-05  2.8477570e-18  3.6064466e-32 -5.5853006e-05 -5.5853006e-05  3.6064466e-32  3.7978110e-52  4.0585210e-39  4.0585210e-39  3.7978110e-52
  6.4875000e-01  2.3679917e-24  2.5305484e-11  2.5305484e-11  2.3679917e-24  2.8477570e-18  4.9286640e-05  4.9286640e-05  2.8477570e-18  3.6064466e-32 -5.6562472e-05 -5.6562472e-05  3.6064466e-32  3.7978110e-52  4.0585210e-39  4.0585210e-39  3.7978110e-52
  6.5250000e-01  2.3679917e-24  2.5305484e-11  2.5305484e-11  2.3679917e-24  2.8477570e-18  4.9524977e-05  4.9524977e-05  2.8477570e-18  3.6064466e-32 -5.7277482e-05 -5.7277482e-05  3.6064466e-32  3.7978110e-52  4.0585210e-39  4.0585210e-39  3.7978110e-52
  6.5625000e-01  2.3679917e-24  2.5305484e-11  2.5305484e-11  2.3679917e-24  2.8477570e-18  4.9765171e-05  4.9765171e-05  2.8477570e-18  3.6064466e-32 -5.7998064e-05 -5.7998064e-05  3.6064466e-32  3.7978110e-52  4.0585210e-39  4.0585210e-39  3.7978110e-52
  6.6000000e-01  2.3679917e-24  2.5305484e-11  2.5305484e-11  2.3679917e-24  2.8477570e-18  5.0007231e-05  5.0007231e-05  2.8477570e-18  3.6064466e-32 -5.8724244e-05 -5.8724244e-05  3.6064466e-32  3.7978110e-52  4.0585210e-39  4.0585210e-39  3.7978110e-52
  6.6375000e-01  2.3679917e-24  2.5305484e-11  2.5305484e-11  2.3679917e-24  2.8477570e-18  5.0251166e-05  5.0251166e-05  2.8477570e-18  3.6064466e-32 -5.9456050e-05 -5.9456050e-05  3.6064466e-32  3.7978110e-52  4.0585210e-39  4.0585210e-39  3.7978110e-52
  6.6750000e-01  2.3679917e-24  2.5305484e-11  2.5305484e-11  2.3679917e-24  2.8477570e-18  5.0496986e-05  5.0496986e-05  2.8477570e-18  3.6064466e-32 -6.0193509e-05 -6.0193509e-05  3.6064466e-32  3.7978110e-52  4.0585210e-39  4.0585210e-39  3.7978110e-52
  6.7125000e-01  2.3679917e-24  2.5305484e-11  2.5305484e-11  2.3679917e-24  2.8477570e-18  5.0744700e-05  5.0744700e-05  2.8477570e-18  3.6064466e-32 -6.0936650e-05 -6.0936650e-05  3.6064466e-32  3.7978110e-52  4.0585210e-39  4.0585210e-39  3.7978110e-52
  6.7500000e-01  2.3679917e-24  2.5305484e-11  2.5305484e-11  2.3679917e-24  2.8477570e-18  5.0994316e-05  5.0994316e-05  2.8477570e-18  3.6064466e-32 -6.1685499e-05 -6.1685499e-05  3.6064466e-32  3.7978110e-52  4.0585210e-39  4.0585210e-39  3.7978110e-52
  6.7875000e-01  2.3679917e-24  2.5305484e-11  2.5305484e-11  2.3679917e-24  2.8477570e-18  5.1245845e-05  5.1245845e-05  2.8477570e-18  3.6064466e-32 -6.2440085e-05 -6.2440085e-05  3.6064466e-32  3.7978110e-52  4.0585210e-39  4.0585210e-39  3.7978110e-52
  6.8250000e-01  2.3679917e-24  2.5305484e-11  2.5305484e-11  2.3679917e-24  2.8477570e-18  5.1499295e-05  5.1499295e-05  2.8477570e-18  3.6064466e-32 -6.3200436e-05 -6.3200436e-05  3.6064466e-32  3.7978110e-52  4.0585210e-39  4.0585210e-39  3.7978110e-52
  6.8625000e-01  2.3679917e-24  2.5305484e-11  2.5305484e-11  2.3679917e-24  2.8477570e-18  5.1754676e-05  5.1754676e-05  2.8477570e-18  3.6064466e-32 -6.3966580e-05 -6.3966580e-05  3.6064466e-32  3.7978110e-52  4.0585210e-39  4.0585210e-39  3.7978110e-52
  6.9000000e-01  2.3679917e-24  2.5305484e-11  2.5305484e-11  2.3679917e-24  2.8477570e-18  5.2011999e-05  5.2011999e-05  2.8477570e-18  3.6064466e-32 -6.4738548e-05 -6.4738548e-05  3.6064466e-32  3.7978110e-52  4.0585210e-39  4.0585210e-39  3.7978110e-52
  6.9375000e-01  2.3679917e-24  2.5305484e-11  2.5305484e-11  2.3679917e-24  2.8477570e-18  5.2271272e-05  5.2271272e-05  2.8477570e-18  3.6064466e-32 -6.5516366e-05 -6.5516366e-05  3.6064466e-32  3.7978110e-52  4.0585210e-39  4.0585210e-39  3.7978110e-52
  6.9750000e-01  2.3679917e-24  2.5305484e-11  2.5305484e-11  2.3679917e-24  2.8477570e-18  5.2532505e-05  5.2532505e-05  2.8477570e-18  3.6064466e-32 -6.6300065e-05 -6.6300065e-05  3.6064466e-32  3.7978110e-52  4.0585210e-39  4.0585210e-39  3.7978110e-52
  7.0125000e-01  2.3679917e-24  2.5305484e-11  2.5305484e-11  2.3679917e-24  2.8477570e-18  5.2795708e-05  5.2795708e-05  2.8477570e-18  3.6064466e-32 -6.7089674e-05 -6.7089674e-05  3.6064466e-32  3.7978110e-52  4.0585210e-39  4.0585210e-39  3.7978110e-52
  7.0500000e-01  2.3679917e-24  2.5305484e-11  2.5305484e-11  2.3679917e-24  2.8477570e-18  5.3060890e-05  5.3060890e-05  2.8477570e-18  3.6064466e-32 -6.7885222e-05 -6.7885222e-05  3.6064466e-32  3.7978110e-52  4.0585210e-39  4.0585210e-39  3.7978110e-52
  7.0875000e-01  2.3679917e-24  2.5305484e-11  2.5305484e-11  2.3679917e-24  2.8477570e-18  5.3328063e-05  5.3328063e-05  2.8477570e-18  3.6064466e-32 -6.8686740e-05 -6.8686740e-05  3.6064466e-32  3.7978110e-52  4.0585210e-39  4.0585210e-39  3.7978110e-52
  7.1250000e-01  2.3679917e-24  2.5305484e-11  2.5305484e-11  2.3679917e-24  2.8477570e-18  5.3597235e-05  5.3597235e-05  2.8477570e-18  3.6064466e-32 -6.9494257e-05 -6.9494257e-05  3.6064466e-32  3.7978110e-52  4.0585210e-39  4.0585210e-39  3.7978110e-52
  7.1625000e-01  2.3679917e-24  2.5305484e-11  2.5305484e-11  2.3679917e-24  2.8477570e-18  5.3868418e-05  5.3868418e-05  2.8477570e-18  3.6064466e-32 -7.0307804e-05 -7.0307804e-05  3.6064466e-32  3.7978110e-52  4.0585210e-39  4.0585210e-39  3.7978110e-52
  7.2000000e-01  2.3679917e-24  2.5305484e-11  2.5305484e-11  2.3679917e-24  2.8477570e-18  5.4141620e-05  5.4141620e-05  2.8477570e-18  3.6064466e-32 -7.1127411e-05 -7.1127411e-05  3.6064466e-32  3.7978110e-52  4.0585210e-39  4.0585210e-39  3.7978110e-52
  7.2375000e-01  2.3679917e-24  2.5305484e-11  2.5305484e-11  2.3679917e-24  2.8477570e-18  5.4416853e-05  5.4416853e-05  2.8477570e-18  3.6064466e-32 -7.1953109e-05 -7.1953109e-05  3.6064466e-32  3.7978110e-52  4.0585210e-39  4.0585210e-39  3.7978110e-52
  7.2750000e-01  2.3679917e-24  2.5305484e-11  2.5305484e-11  2.3679917e-24  2.8477570e-18  5.4694126e-05  5.4694126e-05  2.8477570e-18  3.6064466e-32 -7.2784929e-05 -7.2784929e-05  3.6064466e-32  3.7978110e-52  4.0585210e-39  4.0585210e-39  3.7978110e-52
  7.3125000e-01  2.3679917e-24  2.5305484e-11  2.5305484e-11  2.3679917e-24  2.8477570e-18  5.4973450e-05  5.4973450e-05  2.8477570e-18  3.6064466e-32 -7.3622902e-05 -7.3622902e-05  3.6064466e-32  3.7978110e-52  4.0585210e-39  4.0585210e-39  3.7978110e-52
  7.3500000e-01  2.3679917e-24  2.5305484e-11  2.5305484e-11  2.3679917e-24  2.8477570e-18  5.5254836e-05  5.5254836e-05  2.8477570e-18  3.6064466e-32 -7.4467060e-05 -7.4467060e-05  3.6064466e-32  3.7978110e-52  4.0585210e-39  4.0585210e-39  3.7978110e-52
  7.3875000e-01  2.3679917e-24  2.5305484e-11  2.5305484e-11  2.3679917e-24  2.8477570e-18  5.5538294e-05  5.5538294e-05  2.8477570e-18  3.6064466e-32 -7.5317433e-05 -7.5317433e-05  3.6064466e-32  3.7978110e-52  4.0585210e-39  4.0585210e-39  3.7978110e-52
  7.4250000e-01  2.3679917e-24  2.5305484e-11  2.5305484e-11  2.3679917e-24  2.8477570e-18  5.5823835e-05  5.5823835e-05  2.8477570e-18  3.6064466e-32 -7.6174055e-05 -7.6174055e-05  3.6064466e-32  3.7978110e-52  4.0585210e-39  4.0585210e-39  3.7978110e-52
  7.4625000e-01  2.3679917e-24  2.5305484e-11  2.5305484e-11  2.3679917e-24  2.8477570e-18  5.6111469e-05  5.6111469e-05  2.8477570e-18  3.6064466e-32 -7.7036957e-05 -7.7036957e-05  3.6064466e-32  3.7978110e-52  4.0585210e-39  4.0585210e-39  3.7978110e-52
  7.5000000e-01  2.3679917e-24  2.5305484e-11  2.5305484e-11  2.3679917e-24  2.8477570e-18  5.6401207e-05  5.6401207e-05  2.8477570e-18  3.6064466e-32 -7.7906171e-05 -7.7906171e-05  3.6064466e-32  3.7978110e-52  4.0585210e-39  4.0585210e-39  3.7978110e-52
  7.5375000e-01  2.3679917e-24  2.5305484e-11  2.5305484e-11  2.3679917e-24  2.8477570e-18  5.6693060e-05  5.6693060e-05  2.8477570e-18  3.6064466e-32 -7.8781731e-05 -7.8781731e-05  3.6064466e-32  3.7978110e-52  4.0585210e-39  4.0585210e-39  3.7978110e-52
  7.5750000e-01  2.3679917e-24  2.5305484e-11  2.5305484e-11  2.3679917e-24  2.8477570e-18  5.6987039e-05  5.6987039e-05  2.8477570e-18  3.6064466e-32 -7.9663669e-05 -7.9663669e-05  3.6064466e-32  3.7978110e-52  4.0585210e-39  4.0585210e-39  3.7978110e-52
  7.6125000e-01  2.3679917e-24  2.5305484e-11  2.5305484e-11  2.3679917e-24  2.8477570e-18  5.7283155e-05  5.7283155e-05  2.8477570e-18  3.6064466e-32 -8.0552017e-05 -8.0552017e-05  3.6064466e-32  3.7978110e-52  4.0585210e-39  4.0585210e-39  3.7978110e-52
  7.6500000e-01  2.3679917e-24  2.5305484e-11  2.5305484e-11  2.3679917e-24  2.8477570e-18  5.7581420e-05  5.7581420e-05  2.8477570e-18  3.6064466e-32 -8.1446810e-05 -8.1446810e-05  3.6064466e-32  3.7978110e-52  4.0585210e-39  4.0585210e-39  3.7978110e-52
  7.6875000e-01  2.3679917e-24  2.5305484e-11  2.5305484e-11  2.3679917e-24  2.8477570e-18  5.7881843e-05  5.7881843e-05  2.8477570e-18  3.6064466e-32 -8.2348081e-05 -8.2348081e-05  3.6064466e-32  3.7978110e-52  4.0585210e-39  4.0585210e-39  3.7978110e-52
  7.7250000e-01  2.3679917e-24  2.5305484e-11  2.5305484e-11  2.3679917e-24  2.8477570e-18  5.8184437e-05  5.8184437e-05  2.8477570e-18  3.6064466e-32 -8.3255863e-05 -8.3255863e-05  3.6064466e-32  3.7978110e-52  4.0585210e-39  4.0585210e-39  3.7978110e-52
  7.7625000e-01  2.3679917e-24  2.5305484e-11  2.5305484e-11  2.3679917e-24  2.8477570e-18  5.8489214e-05  5.8489214e-05  2.8477570e-18  3.6064466e-32 -8.4170192e-05 -8.4170192e-05  3.6064466e-32  3.7978110e-52  4.0585210e-39  4.0585210e-39  3.7978110e-52
  7.8000000e-01  2.3679917e-24  2.5305484e-11  2.5305484e-11  2.3679917e-24  2.8477570e-18  5.8796183e-05  5.8796183e-05  2.8477570e-18  3.6064466e-32 -8.5091100e-05 -8.5091100e-05  3.6064466e-32  3.7978110e-52  4.0585210e-39  4.0585210e-39  3.7978110e-52
  7.8375000e-01  2.3679917e-24  2.5305484e-11  2.5305484e-11  2.3679917e-24  2.8477570e-18  5.9105357e-05  5.9105357e-05  2.8477570e-18  3.6064466e-32 -8.6018623e-05 -8.6018623e-05  3.6064466e-32  3.7978110e-52  4.0585210e-39  4.0585210e-39  3.7978110e-52
  7.8750000e-01  2.3679917e-24  2.5305484e-11  2.5305484e-11  2.3679917e-24  2.8477570e-18  5.9416748e-05  5.9416748e-05  2.8477570e-18  3.6064466e-32 -8.6952795e-05 -8.6952795e-05  3.6064466e-32  3.7978110e-52  4.0585210e-39  4.0585210e-39  3.7978110e-52
  7.9125000e-01  2.3679917e-24  2.5305484e-11  2.5305484e-11  2.3679917e-24  2.8477570e-18  5.9730367e-05  5.9730367e-05  2.8477570e-18  3.6064466e-32 -8.7893652e-05 -8.7893652e-05  3.6064466e-32  3.7978110e-52  4.0585210e-39  4.0585210e-39  3.7978110e-52
  7.9500000e-01  2.3679917e-24  2.5305484e-11  2.5305484e-11  2.3679917e-24  2.8477570e-18  6.0046226e-05  6.0046226e-05  2.8477570e-18  3.6064466e-32 -8.8841228e-05 -8.8841228e-05  3.6064466e-32  3.7978110e-52  4.0585210e-39  4.0585210e-39  3.7978110e-52
  7.9875000e-01  2.3679917e-24  2.5305484e-11  2.5305484e-11  2.3679917e-24  2.8477570e-18  6.0364336e-05  6.0364336e-05  2.8477570e-18  3.6064466e-32 -8.9795560e-05 -8.9795560e-05  3.6064466e-32  3.7978110e-52  4.0585210e-39  4.0585210e-39  3.7978110e-52
  8.0250000e-01  2.3679917e-24  2.5305484e-11  2.5305484e-11  2.3679917e-24  2.8477570e-18  6.0684710e-05  6.0684710e-05  2.8477570e-18  3.6064466e-32 -9.0756682e-05 -9.0756682e-05  3.6064466e-32  3.7978110e-52  4.0585210e-39  4.0585210e-39  3.7978110e-52
  8.0625000e-01  2.3679917e-24  2.5305484e-11  2.5305484e-11  2.3679917e-24  2.8477570e-18  6.1007360e-05  6.1007360e-05  2.8477570e-18  3.6064466e-32 -9.1724632e-05 -9.1724632e-05  3.6064466e-32  3.7978110e-52  4.0585210e-39  4.0585210e-39  3.7978110e-52
  8.1000000e-01  2.3679917e-24  2.5305484e-11  2.5305484e-11  2.3679917e-24  2.8477570e-18  6.1332298e-05  6.1332298e-05  2.8477570e-18  3.6064466e-32 -9.2699445e-05 -9.2699445e-05  3.6064466e-32  3.7978110e-52  4.0585210e-39  4.0585210e-39  3.7978110e-52
  8.1375000e-01  2.3679917e-24  2.5305484e-11  2.5305484e-11  2.3679917e-24  2.8477570e-18  6.1659536e-05  6.1659536e-05  2.8477570e-18  3.6064466e-32 -9.3681158e-05 -9.3681158e-05  3.6064466e-32  3.7978110e-52  4.0585210e-39  4.0585210e-39  3.7978110e-52
  8.1750000e-01  2.3679917e-24  2.5305484e-11  2.5305484e-11  2.3679917e-24  2.8477570e-18  6.1989085e-05  6.1989085e-05  2.8477570e-18  3.6064466e-32 -9.4669807e-05 -9.4669807e-05  3.6064466e-32  3.7978110e-52  4.0585210e-39  4.0585210e-39  3.7978110e-52
  8.2125000e-01  2.3679917e-24  2.5305484e-11  2.5305484e-11  2.3679917e-24  2.8477570e-18  6.2320960e-05  6.2320960e-05  2.8477570e-18  3.6064466e-32 -9.5665430e-05 -9.5665430e-05  3.6064466e-32  3.7978110e-52  4.0585210e-39  4.0585210e-39  3.7978110e-52
  8.2500000e-01  2.3679917e-24  2.5305484e-11  2.5305484e-11  2.3679917e-24  2.8477570e-18  6.2655171e-05  6.2655171e-05  2.8477570e-18  3.6064466e-32 -9.6668065e-05 -9.6668065e-05  3.6064466e-32  3.7978110e-52  4.0585210e-39  4.0585210e-39  3.7978110e-52
  8.2875000e-01  2.3679917e-24  2.5305484e-11  2.5305484e-11  2.3679917e-24  2.8477570e-18  6.2991732e-05  6.2991732e-05  2.8477570e-18  3.6064466e-32 -9.7677748e-05 -9.7677748e-05  3.6064466e-32  3.7978110e-52  4.0585210e-39  4.0585210e-39  3.7978110e-52
  8.3250000e-01  2.3679917e-24  2.5305484e-11  2.5305484e-11  2.3679917e-24  2.8477570e-18  6.3330655e-05  6.3330655e-05  2.8477570e-18  3.6064466e-32 -9.8694517e-05 -9.8694517e-05  3.6064466e-32  3.7978110e-52  4.0585210e-39  4.0585210e-39  3.7978110e-52
  8.3625000e-01  2.3679917e-24  2.5305484e-11  2.5305484e-11  2.3679917e-24  2.8477570e-18  6.3671953e-05  6.3671953e-05  2.8477570e-18  3.6064466e-32 -9.9718411e-05 -9.9718411e-05  3.6064466e-32  3.7978110e-52  4.0585210e-39  4.0585210e-39  3.7978110e-52
  8.4000000e-01  2.3679917e-24  2.5305484e-11  2.5305484e-11  2.3679917e-24  2.8477570e-18  6.4015639e-05  6.4015639e-05  2.8477570e-18  3.6064466e-32 -1.0074947e-04 -1.0074947e-04  3.6064466e-32  3.7978110e-52  4.0585210e-39  4.0585210e-39  3.7978110e-52
  8.4375000e-01  2.3679917e-24  2.5305484e-11  2.5305484e-11  2.3679917e-24  2.8477570e-18  6.4361726e-05  6.4361726e-05  2.8477570e-18  3.6064466e-32 -1.0178773e-04 -1.0178773e-04  3.6064466e-32  3.7978110e-52  4.0585210e-39  4.0585210e-39  3.7978110e-52
  8.4750000e-01  2.3679917e-24  2.5305484e-11  2.5305484e-11  2.3679917e-24  2.8477570e-18  6.4710226e-05  6.4710226e-05  2.8477570e-18  3.6064466e-32 -1.0283323e-04 -1.0283323e-04  3.6064466e-32  3.7978110e-52  4.0585210e-39  4.0585210e-39  3.7978110e-52
  8.5125000e-01  2.3679917e-24  2.5305484e-11  2.5305484e-11  2.3679917e-24  2.8477570e-18  6.5061152e-05  6.5061152e-05  2.8477570e-18  3.6064466e-32 -1.0388601e-04 -1.0388601e-04  3.6064466e-32  3.7978110e-52  4.0585210e-39  4.0585210e-39  3.7978110e-52
  8.5500000e-01  2.3679917e-24  2.5305484e-11  2.5305484e-11  2.3679917e-24  2.8477570e-18  6.5414519e-05  6.5414519e-05  2.8477570e-18  3.6064466e-32 -1.0494611e-04 -1.0494611e-04  3.6064466e-32  3.7978110e-52  4.0585210e-39  4.0585210e-39  3.7978110e-52
  8.5875000e-01  2.3679917e-24  2.5305484e-11  2.5305484e-11  2.3679917e-24  2.8477570e-18  6.5770338e-05  6.5770338e-05  2.8477570e-18  3.6064466e-32 -1.0601357e-04 -1.0601357e-04  3.6064466e-32  3.7978110e-52  4.0585210e-39  4.0585210e-39  3.7978110e-52
  8.6250000e-01  2.3679917e-24  2.5305484e-11  2.5305484e-11  2.3679917e-24  2.8477570e-18  6.6128624e-05  6.6128624e-05  2.8477570e-18  3.6064466e-32 -1.0708842e-04 -1.0708842e-04  3.6064466e-32  3.7978110e-52  4.0585210e-39  4.0585210e-39  3.7978110e-52
  8.6625000e-01  2.3679917e-24  2.5305484e-11  2.5305484e-11  2.3679917e-24  2.8477570e-18  6.6489389e-05  6.6489389e-05  2.8477570e-18  3.6064466e-32 -1.0817072e-04 -1.0817072e-04  3.6064466e-32  3.7978110e-52  4.0585210e-39  4.0585210e-39  3.7978110e-52
  8.7000000e-01  2.3679917e-24  2.5305484e-11  2.5305484e-11  2.3679917e-24  2.8477570e-18  6.6852648e-05  6.6852648e-05  2.8477570e-18  3.6064466e-32 -1.0926050e-04 -1.0926050e-04  3.6064466e-32  3.7978110e-52  4.0585210e-39  4.0585210e-39  3.7978110e-52
  8.7375000e-01  2.3679917e-24  2.5305484e-11  2.5305484e-11  2.3679917e-24  2.8477570e-18  6.7218414e-05  6.7218414e-05  2.8477570e-18  3.6064466e-32 -1.1035779e-04 -1.1035779e-04  3.6064466e-32  3.7978110e-52  4.0585210e-39  4.0585210e-39  3.7978110e-52
  8.7750000e-01  2.3679917e-24  2.5305484e-11  2.5305484e-11  2.3679917e-24  2.8477570e-18  6.7586701e-05  6.7586701e-05  2.8477570e-18  3.6064466e-32 -1.1146265e-04 -1.1146265e-04  3.6064466e-32  3.7978110e-52  4.0585210e-39  4.0585210e-39  3.7978110e-52
  8.8125000e-01  2.3679917e-24  2.5305484e-11  2.5305484e-11  2.3679917e-24  2.8477570e-18  6.7957522e-05  6.7957522e-05  2.8477570e-18  3.6064466e-32 -1.1257512e-04 -1.1257512e-04  3.6064466e-32  3.7978110e-52  4.0585210e-39  4.0585210e-39  3.7978110e-52
  8.8500000e-01  2.3679917e-24  2.5305484e-11  2.5305484e-11  2.3679917e-24  2.8477570e-18  6.8330892e-05  6.8330892e-05  2.8477570e-18  3.6064466e-32 -1.1369523e-04 -1.1369523e-04  3.6064466e-32  3.7978110e-52  4.0585210e-39  4.0585210e-39  3.7978110e-52
  8.8875000e-01  2.3679917e-24  2.5305484e-11  2.5305484e-11  2.3679917e-24  2.8477570e-18  6.8706824e-05  6.8706824e-05  2.8477570e-18  3.6064466e-32 -1.1482302e-04 -1.1482302e-04  3.6064466e-32  3.7978110e-52  4.0585210e-39  4.0585210e-39  3.7978110e-52
  8.9250000e-01  2.3679917e-24  2.5305484e-11  2.5305484e-11  2.3679917e-24  2.8477570e-18  6.9085332e-05  6.9085332e-05  2.8477570e-18  3.6064466e-32 -1.1595855e-04 -1.1595855e-04  3.6064466e-32  3.7978110e-52  4.0585210e-39  4.0585210e-39  3.7978110e-52
  8.9625000e-01  2.3679917e-24  2.5305484e-11  2.5305484e-11  2.3679917e-24  2.8477570e-18  6.9466431e-05  6.9466431e-05  2.8477570e-18  3.6064466e-32 -1.1710185e-04 -1.1710185e-04  3.6064466e-32  3.7978110e-52  4.0585210e-39  4.0585210e-39  3.7978110e-52
  9.0000000e-01  2.3679917e-24  2.5305484e-11  2.5305484e-11  2.3679917e-24  2.8477570e-18  6.9850136e-05  6.9850136e-05  2.8477570e-18  3.6064466e-32 -1.1825296e-04 -1.1825296e-04  3.6064466e-32  3.7978110e-52  4.0585210e-39  4.0585210e-39  3.7978110e-52
  9.0375000e-01  2.3679917e-24  2.5305484e-11  2.5305484e-11  2.3679917e-24  2.8477570e-18  7.0236459e-05  7.0236459e-05  2.8477570e-18  3.6064466e-32 -1.1941193e-04 -1.1941193e-04  3.6064466e-32  3.7978110e-52  4.0585210e-39  4.0585210e-39  3.7978110e-52
  9.0750000e-01  2.3679917e-24  2.5305484e-11  2.5305484e-11  2.3679917e-24  2.8477570e-18  7.0625417e-05  7.0625417e-05  2.8477570e-18  3.6064466e-32 -1.2057880e-04 -1.2057880e-04  3.6064466e-32  3.7978110e-52  4.0585210e-39  4.0585210e-39  3.7978110e-52
  9.1125000e-01  2.3679917e-24  2.5305484e-11  2.5305484e-11  2.3679917e-24  2.8477570e-18  7.1017022e-05  7.1017022e-05  2.8477570e-18  3.6064466e-32 -1.2175362e-04 -1.2175362e-04  3.6064466e-32  3.7978110e-52  4.0585210e-39  4.0585210e-39  3.7978110e-52
  9.1500000e-01  2.3679917e-24  2.5305484e-11  2.5305484e-11  2.3679917e-24  2.8477570e-18  7.1411291e-05  7.1411291e-05  2.8477570e-18  3.6064466e-32 -1.2293643e-04 -1.2293643e-04  3.6064466e-32  3.7978110e-52  4.0585210e-39  4.0585210e-39  3.7978110e-52
  9.1875000e-01  2.3679917e-24  2.5305484e-11  2.5305484e-11  2.3679917e-24  2.8477570e-18  7.1808238e-05  7.1808238e-05  2.8477570e-18  3.6064466e-32 -1.2412727e-04 -1.2412727e-04  3.6064466e-32  3.7978110e-52  4.0585210e-39  4.0585210e-39  3.7978110e-52
  9.2250000e-01  2.3679917e-24  2.5305484e-11  2.5305484e-11  2.3679917e-24  2.8477570e-18  7.2207878e-05  7.2207878e-05  2.8477570e-18  3.6064466e-32 -1.2532619e-04 -1.2532619e-04  3.6064466e-32  3.7978110e-52  4.0585210e-39  4.0585210e-39  3.7978110e-52
  9.2625000e-01  2.3679917e-24  2.5305484e-11  2.5305484e-11  2.3679917e-24  2.8477570e-18  7.2610226e-05  7.2610226e-05  2.8477570e-18  3.6064466e-32 -1.2653323e-04 -1.2653323e-04  3.6064466e-32  3.7978110e-52  4.0585210e-39  4.0585210e-39  3.7978110e-52
  9.3000000e-01  2.3679917e-24  2.5305484e-11  2.5305484e-11  2.3679917e-24  2.8477570e-18  7.3015296e-05  7.3015296e-05  2.8477570e-18  3.6064466e-32 -1.2774844e-04 -1.2774844e-04  3.6064466e-32  3.7978110e-52  4.0585210e-39  4.0585210e-39  3.7978110e-52
  9.3375000e-01  2.3679917e-24  2.5305484e-11  2.5305484e-11  2.3679917e-24  2.8477570e-18  7.3423104e-05  7.3423104e-05  2.8477570e-18  3.6064466e-32 -1.2897186e-04 -1.2897186e-04  3.6064466e-32  3.7978110e-52  4.0585210e-39  4.0585210e-39  3.7978110e-52
  9.3750000e-01  2.3679917e-24  2.5305484e-11  2.5305484e-11  2.3679917e-24  2.8477570e-18  7.3833666e-05  7.3833666e-05  2.8477570e-18  3.6064466e-32 -1.3020355e-04 -1.3020355e-04  3.6064466e-32  3.7978110e-52  4.0585210e-39  4.0585210e-39  3.7978110e-52
  9.4125000e-01  2.3679917e-24  2.5305484e-11  2.5305484e-11  2.3679917e-24  2.8477570e-18  7.4246997e-05  7.4246997e-05  2.8477570e-18  3.6064466e-32 -1.3144354e-04 -1.3144354e-04  3.6064466e-32  3.7978110e-52  4.0585210e-39  4.0585210e-39  3.7978110e-52
  9.4500000e-01  2.3679917e-24  2.5305484e-11  2.5305484e-11  2.3679917e-24  2.8477570e-18  7.4663112e-05  7.4663112e-05  2.8477570e-18  3.6064466e-32 -1.3269189e-04 -1.3269189e-04  3.6064466e-32  3.7978110e-52  4.0585210e-39  4.0585210e-39  3.7978110e-52
  9.4875000e-01  2.3679917e-24  2.5305484e-11  2.5305484e-11  2.3679917e-24  2.8477570e-18  7.5082027e-05  7.5082027e-05  2.8477570e-18  3.6064466e-32 -1.3394863e-04 -1.3394863e-04  3.6064466e-32  3.7978110e-52  4.0585210e-39  4.0585210e-39  3.7978110e-52
  9.5250000e-01  2.3679917e-24  2.5305484e-11  2.5305484e-11  2.3679917e-24  2.8477570e-18  7.5503757e-05  7.5503757e-05  2.8477570e-18  3.6064466e-32 -1.3521382e-04 -1.3521382e-04  3.6064466e-32  3.7978110e-52  4.0585210e-39  4.0585210e-39  3.7978110e-52
  9.5625000e-01  2.3679917e-24  2.5305484e-11  2.5305484e-11  2.3679917e-24  2.8477570e-18  7.5928319e-05  7.5928319e-05  2.8477570e-18  3.6064466e-32 -1.3648751e-04 -1.3648751e-04  3.6064466e-32  3.7978110e-52  4.0585210e-39  4.0585210e-39  3.7978110e-52
  9.6000000e-01  2.3679917e-24  2.5305484e-11  2.5305484e-11  2.3679917e-24  2.8477570e-18  7.6355728e-05  7.6355728e-05  2.8477570e-18  3.6064466e-32 -1.3776973e-04 -1.3776973e-04  3.6064466e-32  3.7978110e-52  4.0585210e-39  4.0585210e-39  3.7978110e-52
  9.6375000e-01  2.3679917e-24  2.5305484e-11  2.5305484e-11  2.3679917e-24  2.8477570e-18  7.6786000e-05  7.6786000e-05  2.8477570e-18  3.6064466e-32 -1.3906055e-04 -1.3906055e-04  3.6064466e-32  3.7978110e-52  4.0585210e-39  4.0585210e-39  3.7978110e-52
  9.6750000e-01  2.3679917e-24  2.5305484e-11  2.5305484e-11  2.3679917e-24  2.8477570e-18  7.7219152e-05  7.7219152e-05  2.8477570e-18  3.6064466e-32 -1.4036001e-04 -1.4036001e-04  3.6064466e-32  3.7978110e-52  4.0585210e-39  4.0585210e-39  3.7978110e-52
  9.7125000e-01  2.3679917e-24  2.5305484e-11  2.5305484e-11  2.3679917e-24  2.8477570e-18  7.7655199e-05  7.7655199e-05  2.8477570e-18  3.6064466e-32 -1.4166815e-04 -1.4166815e-04  3.6064466e-32  3.7978110e-52  4.0585210e-39  4.0585210e-39  3.7978110e-52
  9.7500000e-01  2.3679917e-24  2.5305484e-11  2.5305484e-11  2.3679917e-24  2.8477570e-18  7.8094159e-05  7.8094159e-05  2.8477570e-18  3.6064466e-32 -1.4298503e-04 -1.4298503e-04  3.6064466e-32  3.7978110e-52  4.0585210e-39  4.0585210e-39  3.7978110e-52
  9.7875000e-01  2.3679917e-24  2.5305484e-11  2.5305484e-11  2.3679917e-24  2.8477570e-18  7.8536047e-05  7.8536047e-05  2.8477570e-18  3.6064466e-32 -1.4431069e-04 -1.4431069e-04  3.6064466e-32  3.7978110e-52  4.0585210e-39  4.0585210e-39  3.7978110e-52
  9.8250000e-01  2.3679917e-24  2.5305484e-11  2.5305484e-11  2.3679917e-24  2.8477570e-18  7.8980880e-05  7.8980880e-05  2.8477570e-18  3.6064466e-32 -1.4564519e-04 -1.4564519e-04  3.6064466e-32  3.7978110e-52  4.0585210e-39  4.0585210e-39  3.7978110e-52
  9.8625000e-01  2.3679917e-24  2.5305484e-11  2.5305484e-11  2.3679917e-24  2.8477570e-18  7.9428675e-05  7.9428675e-05  2.8477570e-18  3.6064466e-32 -1.4698858e-04 -1.4698858e-04  3.6064466e-32  3.7978110e-52  4.0585210e-39  4.0585210e-39  3.7978110e-52
  9.9000000e-01  2.3679917e-24  2.5305484e-11  2.5305484e-11  2.3679917e-24  2.8477570e-18  7.9879449e-05  7.9879449e-05  2.8477570e-18  3.6064466e-32 -1.4834090e-04 -1.4834090e-04  3.6064466e-32  3.7978110e-52  4.0585210e-39  4.0585210e-39  3.7978110e-52
  9.9375000e-01  2.3679917e-24  2.5305484e-11  2.5305484e-11  2.3679917e-24  2.8477570e-18  8.0333218e-05  8.0333218e-05  2.8477570e-18  3.6064466e-32 -1.4970221e-04 -1.4970221e-04  3.6064466e-32  3.7978110e-52  4.0585210e-39  4.0585210e-39  3.7978110e-52
  9.9750000e-01  2.3679917e-24  2.5305484e-11  2.5305484e-11  2.3679917e-24  2.8477570e-18  8.0790000e-05  8.0790000e-05  2.8477570e-18  3.6064466e-32 -1.5107255e-04 -1.5107255e-04  3.6064466e-32  3.7978110e-52  4.0585210e-39  4.0585210e-39  3.7978110e-52
