  0.0000000e+00  1.0000000e+00
  1.0000000e-02  9.9990000e-01
  2.0000000e-02  9.9970201e-01
  3.0000000e-02  9.9940805e-01
  4.0000000e-02  9.9902014e-01
  5.0000000e-02  9.9854033e-01
  6.0000000e-02  9.9797064e-01
  7.0000000e-02  9.9731313e-01
  8.0000000e-02  9.9656984e-01
  9.0000000e-02  9.9574282e-01
  1.0000000e-01  9.9483414e-01
  1.1000000e-01  9.9384583e-01
  1.2000000e-01  9.9277997e-01
  1.3000000e-01  9.9163860e-01
  1.4000000e-01  9.9042377e-01
  1.5000000e-01  9.8913753e-01
  1.6000000e-01  9.8778194e-01
  1.7000000e-01  9.8635902e-01
  1.8000000e-01  9.8487081e-01
  1.9000000e-01  9.8331935e-01
  2.0000000e-01  9.8170664e-01
  2.1000000e-01  9.8003471e-01
  2.2000000e-01  9.7830555e-01
  2.3000000e-01  9.7652115e-01
  2.4000000e-01  9.7468350e-01
  2.5000000e-01  9.7279455e-01
  2.6000000e-01  9.7085627e-01
  2.7000000e-01  9.6887059e-01
  2.8000000e-01  9.6683943e-01
  2.9000000e-01  9.6476472e-01
  3.0000000e-01  9.6264832e-01
  3.1000000e-01  9.6049213e-01
  3.2000000e-01  9.5829799e-01
  3.3000000e-01  9.5606774e-01
  3.4000000e-01  9.5380320e-01
  3.5000000e-01  9.5150615e-01
  3.6000000e-01  9.4917838e-01
  3.7000000e-01  9.4682162e-01
  3.8000000e-01  9.4443762e-01
  3.9000000e-01  9.4202806e-01
  4.0000000e-01  9.3959462e-01
  4.1000000e-01  9.3713897e-01
  4.2000000e-01  9.3466271e-01
  4.3000000e-01  9.3216745e-01
  4.4000000e-01  9.2965476e-01
  4.5000000e-01  9.2712618e-01
  4.6000000e-01  9.2458321e-01
  4.7000000e-01  9.2202735e-01
  4.8000000e-01  9.1946005e-01
  4.9000000e-01  9.1688271e-01
  5.0000000e-01  9.1429674e-01
  5.1000000e-01  9.1170348e-01
  5.2000000e-01  9.0910427e-01
  5.3000000e-01  9.0650038e-01
  5.4000000e-01  9.0389308e-01
  5.5000000e-01  9.0128359e-01
  5.6000000e-01  8.9867309e-01
  5.7000000e-01  8.9606273e-01
  5.8000000e-01  8.9345363e-01
  5.9000000e-01  8.9084686e-01
  6.0000000e-01  8.8824347e-01
  6.1000000e-01  8.8564446e-01
  6.2000000e-01  8.8305080e-01
  6.3000000e-01  8.8046341e-01
  6.4000000e-01  8.7788318e-01
  6.5000000e-01  8.7531096e-01
  6.6000000e-01  8.7274757e-01
  6.7000000e-01  8.7019377e-01
  6.8000000e-01  8.6765031e-01
  6.9000000e-01  8.6511787e-01
  7.0000000e-01  8.6259710e-01
  7.1000000e-01  8.6008861e-01
  7.2000000e-01  8.5759298e-01
  7.3000000e-01  8.5511074e-01
  7.4000000e-01  8.5264237e-01
  7.5000000e-01  8.5018833e-01
  7.6000000e-01  8.4774902e-01
  7.7000000e-01  8.4532480e-01
  7.8000000e-01  8.4291601e-01
  7.9000000e-01  8.4052291e-01
  8.0000000e-01  8.3814576e-01
  8.1000000e-01  8.3578476e-01
  8.2000000e-01  8.3344005e-01
  8.3000000e-01  8.3111176e-01
  8.4000000e-01  8.2879996e-01
  8.5000000e-01  8.2650469e-01
  8.6000000e-01  8.2422593e-01
  8.7000000e-01  8.2196364e-01
  8.8000000e-01  8.1971772e-01
  8.9000000e-01  8.1748805e-01
  9.0000000e-01  8.1527445e-01
  9.1000000e-01  8.1307670e-01
  9.2000000e-01  8.1089456e-01
  9.3000000e-01  8.0872773e-01
  9.4000000e-01  8.0657587e-01
  9.5000000e-01  8.0443861e-01
  9.6000000e-01  8.0231554e-01
  9.7000000e-01  8.0020620e-01
  9.8000000e-01  7.9811010e-01
  9.9000000e-01  7.9602672e-01
  1.0000000e+00  7.9395547e-01
  1.0100000e+00  7.9189576e-01
  1.0200000e+00  7.8984694e-01
  1.0300000e+00  7.8780832e-01
  1.0400000e+00  7.8577920e-01
  1.0500000e+00  7.8375881e-01
  1.0600000e+00  7.8174636e-01
  1.0700000e+00  7.7974104e-01
  1.0800000e+00  7.7774197e-01
  1.0900000e+00  7.7574827e-01
  1.1000000e+00  7.7375900e-01
  1.1100000e+00  7.7177321e-01
  1.1200000e+00  7.6978990e-01
  1.1300000e+00  7.6780804e-01
  1.1400000e+00  7.6582657e-01
  1.1500000e+00  7.6384441e-01
  1.1600000e+00  7.6186044e-01
  1.1700000e+00  7.5987350e-01
  1.1800000e+00  7.5788242e-01
  1.1900000e+00  7.5588599e-01
  1.2000000e+00  7.5388299e-01
  1.2100000e+00  7.5187214e-01
  1.2200000e+00  7.4985216e-01
  1.2300000e+00  7.4782174e-01
  1.2400000e+00  7.4577954e-01
  1.2500000e+00  7.4372420e-01
  1.2600000e+00  7.4165434e-01
  1.2700000e+00  7.3956854e-01
  1.2800000e+00  7.3746539e-01
  1.2900000e+00  7.3534342e-01
  1.3000000e+00  7.3320117e-01
  1.3100000e+00  7.3103715e-01
  1.3200000e+00  7.2884985e-01
  1.3300000e+00  7.2663775e-01
  1.3400000e+00  7.2439931e-01
  1.3500000e+00  7.2213296e-01
  1.3600000e+00  7.1983714e-01
  1.3700000e+00  7.1751025e-01
  1.3800000e+00  7.1515070e-01
  1.3900000e+00  7.1275688e-01
  1.4000000e+00  7.1032716e-01
  1.4100000e+00  7.0785990e-01
  1.4200000e+00  7.0535347e-01
  1.4300000e+00  7.0280621e-01
  1.4400000e+00  7.0021645e-01
  1.4500000e+00  6.9758253e-01
  1.4600000e+00  6.9490278e-01
  1.4700000e+00  6.9217552e-01
  1.4800000e+00  6.8939906e-01
  1.4900000e+00  6.8657173e-01
  1.5000000e+00  6.8369182e-01
  1.5100000e+00  6.8075766e-01
  1.5200000e+00  6.7776755e-01
  1.5300000e+00  6.7471981e-01
  1.5400000e+00  6.7161274e-01
  1.5500000e+00  6.6844467e-01
  1.5600000e+00  6.6521391e-01
  1.5700000e+00  6.6191879e-01
  1.5800000e+00  6.5855764e-01
  1.5900000e+00  6.5512879e-01
  1.6000000e+00  6.5163059e-01
  1.6100000e+00  6.4806139e-01
  1.6200000e+00  6.4441955e-01
  1.6300000e+00  6.4070344e-01
  1.6400000e+00  6.3691145e-01
  1.6500000e+00  6.3304197e-01
  1.6600000e+00  6.2909341e-01
  1.6700000e+00  6.2506420e-01
  1.6800000e+00  6.2095277e-01
  1.6900000e+00  6.1675758e-01
  1.7000000e+00  6.1247709e-01
  1.7100000e+00  6.0810980e-01
  1.7200000e+00  6.0365422e-01
  1.7300000e+00  5.9910888e-01
  1.7400000e+00  5.9447232e-01
  1.7500000e+00  5.8974311e-01
  1.7600000e+00  5.8491985e-01
  1.7700000e+00  5.8000116e-01
  1.7800000e+00  5.7498566e-01
  1.7900000e+00  5.6987204e-01
  1.8000000e+00  5.6465899e-01
  1.8100000e+00  5.5934521e-01
  1.8200000e+00  5.5392947e-01
  1.8300000e+00  5.4841052e-01
  1.8400000e+00  5.4278719e-01
  1.8500000e+00  5.3705830e-01
  1.8600000e+00  5.3122273e-01
  1.8700000e+00  5.2527936e-01
  1.8800000e+00  5.1922713e-01
  1.8900000e+00  5.1306500e-01
  1.9000000e+00  5.0679198e-01
  1.9100000e+00  5.0040709e-01
  1.9200000e+00  4.9390940e-01
  1.9300000e+00  4.8729802e-01
  1.9400000e+00  4.8057210e-01
  1.9500000e+00  4.7373081e-01
  1.9600000e+00  4.6677336e-01
  1.9700000e+00  4.5969903e-01
  1.9800000e+00  4.5250710e-01
  1.9900000e+00  4.4519691e-01
  2.0000000e+00  4.3776785e-01
  2.0100000e+00  4.3021933e-01
  2.0200000e+00  4.2255081e-01
  2.0300000e+00  4.1476181e-01
  2.0400000e+00  4.0685187e-01
  2.0500000e+00  3.9882058e-01
  2.0600000e+00  3.9066758e-01
  2.0700000e+00  3.8239255e-01
  2.0800000e+00  3.7399522e-01
  2.0900000e+00  3.6547537e-01
  2.1000000e+00  3.5683280e-01
  2.1100000e+00  3.4806740e-01
  2.1200000e+00  3.3917907e-01
  2.1300000e+00  3.3016778e-01
  2.1400000e+00  3.2103352e-01
  2.1500000e+00  3.1177637e-01
  2.1600000e+00  3.0239642e-01
  2.1700000e+00  2.9289383e-01
  2.1800000e+00  2.8326881e-01
  2.1900000e+00  2.7352160e-01
  2.2000000e+00  2.6365252e-01
  2.2100000e+00  2.5366191e-01
  2.2200000e+00  2.4355018e-01
  2.2300000e+00  2.3331778e-01
  2.2400000e+00  2.2296522e-01
  2.2500000e+00  2.1249305e-01
  2.2600000e+00  2.0190187e-01
  2.2700000e+00  1.9119236e-01
  2.2800000e+00  1.8036520e-01
  2.2900000e+00  1.6942117e-01
  2.3000000e+00  1.5836107e-01
  2.3100000e+00  1.4718576e-01
  2.3200000e+00  1.3589616e-01
  2.3300000e+00  1.2449324e-01
  2.3400000e+00  1.1297800e-01
  2.3500000e+00  1.0135152e-01
  2.3600000e+00  8.9614906e-02
  2.3700000e+00  7.7769337e-02
  2.3800000e+00  6.5816029e-02
  2.3900000e+00  5.3756253e-02
  2.4000000e+00  4.1591330e-02
  2.4100000e+00  2.9322631e-02
  2.4200000e+00  1.6951578e-02
  2.4300000e+00  4.4796432e-03
  2.4400000e+00 -8.0916520e-03
  2.4500000e+00 -2.0760737e-02
  2.4600000e+00 -3.3525991e-02
  2.4700000e+00 -4.6385744e-02
  2.4800000e+00 -5.9338281e-02
  2.4900000e+00 -7.2381833e-02
  2.5000000e+00 -8.5514588e-02
  2.5100000e+00 -9.8734683e-02
  2.5200000e+00 -1.1204021e-01
  2.5300000e+00 -1.2542922e-01
  2.5400000e+00 -1.3889970e-01
  2.5500000e+00 -1.5244961e-01
  2.5600000e+00 -1.6607686e-01
  2.5700000e+00 -1.7977930e-01
  2.5800000e+00 -1.9355477e-01
  2.5900000e+00 -2.0740102e-01
  2.6000000e+00 -2.2131581e-01
  2.6100000e+00 -2.3529680e-01
  2.6200000e+00 -2.4934166e-01
  2.6300000e+00 -2.6344798e-01
  2.6400000e+00 -2.7761334e-01
  2.6500000e+00 -2.9183525e-01
  2.6600000e+00 -3.0611121e-01
  2.6700000e+00 -3.2043866e-01
  2.6800000e+00 -3.3481500e-01
  2.6900000e+00 -3.4923762e-01
  2.7000000e+00 -3.6370384e-01
  2.7100000e+00 -3.7821098e-01
  2.7200000e+00 -3.9275628e-01
  2.7300000e+00 -4.0733698e-01
  2.7400000e+00 -4.2195028e-01
  2.7500000e+00 -4.3659334e-01
  2.7600000e+00 -4.5126330e-01
  2.7700000e+00 -4.6595725e-01
  2.7800000e+00 -4.8067227e-01
  2.7900000e+00 -4.9540540e-01
  2.8000000e+00 -5.1015366e-01
  2.8100000e+00 -5.2491402e-01
  2.8200000e+00 -5.3968346e-01
  2.8300000e+00 -5.5445891e-01
  2.8400000e+00 -5.6923727e-01
  2.8500000e+00 -5.8401543e-01
  2.8600000e+00 -5.9879027e-01
  2.8700000e+00 -6.1355861e-01
  2.8800000e+00 -6.2831728e-01
  2.8900000e+00 -6.4306308e-01
  2.9000000e+00 -6.5779280e-01
  2.9100000e+00 -6.7250320e-01
  2.9200000e+00 -6.8719103e-01
  2.9300000e+00 -7.0185303e-01
  2.9400000e+00 -7.1648590e-01
  2.9500000e+00 -7.3108636e-01
  2.9600000e+00 -7.4565110e-01
  2.9700000e+00 -7.6017680e-01
  2.9800000e+00 -7.7466013e-01
  2.9900000e+00 -7.8909776e-01
  3.0000000e+00 -8.0348633e-01
  3.0100000e+00 -8.1782249e-01
  3.0200000e+00 -8.3210289e-01
  3.0300000e+00 -8.4632415e-01
  3.0400000e+00 -8.6048292e-01
  3.0500000e+00 -8.7457582e-01
  3.0600000e+00 -8.8859948e-01
  3.0700000e+00 -9.0255052e-01
  3.0800000e+00 -9.1642558e-01
  3.0900000e+00 -9.3022128e-01
  3.1000000e+00 -9.4393426e-01
  3.1100000e+00 -9.5756116e-01
  3.1200000e+00 -9.7109861e-01
  3.1300000e+00 -9.8454327e-01
  3.1400000e+00 -9.9789180e-01
  3.1500000e+00 -1.0111409e+00
  3.1600000e+00 -1.0242871e+00
  3.1700000e+00 -1.0373273e+00
  3.1800000e+00 -1.0502580e+00
  3.1900000e+00 -1.0630760e+00
  3.2000000e+00 -1.0757781e+00
  3.2100000e+00 -1.0883609e+00
  3.2200000e+00 -1.1008213e+00
  3.2300000e+00 -1.1131560e+00
  3.2400000e+00 -1.1253617e+00
  3.2500000e+00 -1.1374354e+00
  3.2600000e+00 -1.1493738e+00
  3.2700000e+00 -1.1611738e+00
  3.2800000e+00 -1.1728323e+00
  3.2900000e+00 -1.1843462e+00
  3.3000000e+00 -1.1957124e+00
  3.3100000e+00 -1.2069278e+00
  3.3200000e+00 -1.2179896e+00
  3.3300000e+00 -1.2288946e+00
  3.3400000e+00 -1.2396399e+00
  3.3500000e+00 -1.2502226e+00
  3.3600000e+00 -1.2606398e+00
  3.3700000e+00 -1.2708886e+00
  3.3800000e+00 -1.2809662e+00
  3.3900000e+00 -1.2908699e+00
  3.4000000e+00 -1.3005968e+00
  3.4100000e+00 -1.3101442e+00
  3.4200000e+00 -1.3195094e+00
  3.4300000e+00 -1.3286899e+00
  3.4400000e+00 -1.3376830e+00
  3.4500000e+00 -1.3464861e+00
  3.4600000e+00 -1.3550966e+00
  3.4700000e+00 -1.3635123e+00
  3.4800000e+00 -1.3717305e+00
  3.4900000e+00 -1.3797489e+00
  3.5000000e+00 -1.3875651e+00
  3.5100000e+00 -1.3951769e+00
  3.5200000e+00 -1.4025820e+00
  3.5300000e+00 -1.4097782e+00
  3.5400000e+00 -1.4167633e+00
  3.5500000e+00 -1.4235352e+00
  3.5600000e+00 -1.4300918e+00
  3.5700000e+00 -1.4364312e+00
  3.5800000e+00 -1.4425514e+00
  3.5900000e+00 -1.4484505e+00
  3.6000000e+00 -1.4541265e+00
  3.6100000e+00 -1.4595778e+00
  3.6200000e+00 -1.4648026e+00
  3.6300000e+00 -1.4697991e+00
  3.6400000e+00 -1.4745658e+00
  3.6500000e+00 -1.4791011e+00
  3.6600000e+00 -1.4834034e+00
  3.6700000e+00 -1.4874713e+00
  3.6800000e+00 -1.4913033e+00
  3.6900000e+00 -1.4948982e+00
  3.7000000e+00 -1.4982546e+00
  3.7100000e+00 -1.5013714e+00
  3.7200000e+00 -1.5042472e+00
  3.7300000e+00 -1.5068811e+00
  3.7400000e+00 -1.5092720e+00
  3.7500000e+00 -1.5114188e+00
  3.7600000e+00 -1.5133207e+00
  3.7700000e+00 -1.5149768e+00
  3.7800000e+00 -1.5163863e+00
  3.7900000e+00 -1.5175484e+00
  3.8000000e+00 -1.5184625e+00
  3.8100000e+00 -1.5191280e+00
  3.8200000e+00 -1.5195443e+00
  3.8300000e+00 -1.5197109e+00
  3.8400000e+00 -1.5196274e+00
  3.8500000e+00 -1.5192934e+00
  3.8600000e+00 -1.5187088e+00
  3.8700000e+00 -1.5178731e+00
  3.8800000e+00 -1.5167863e+00
  3.8900000e+00 -1.5154483e+00
  3.9000000e+00 -1.5138589e+00
  3.9100000e+00 -1.5120184e+00
  3.9200000e+00 -1.5099267e+00
  3.9300000e+00 -1.5075840e+00
  3.9400000e+00 -1.5049906e+00
  3.9500000e+00 -1.5021467e+00
  3.9600000e+00 -1.4990527e+00
  3.9700000e+00 -1.4957090e+00
  3.9800000e+00 -1.4921161e+00
  3.9900000e+00 -1.4882746e+00
  4.0000000e+00 -1.4841850e+00
  4.0100000e+00 -1.4798481e+00
  4.0200000e+00 -1.4752645e+00
  4.0300000e+00 -1.4704352e+00
  4.0400000e+00 -1.4653609e+00
  4.0500000e+00 -1.4600426e+00
  4.0600000e+00 -1.4544814e+00
  4.0700000e+00 -1.4486782e+00
  4.0800000e+00 -1.4426342e+00
  4.0900000e+00 -1.4363506e+00
  4.1000000e+00 -1.4298286e+00
  4.1100000e+00 -1.4230696e+00
  4.1200000e+00 -1.4160748e+00
  4.1300000e+00 -1.4088459e+00
  4.1400000e+00 -1.4013841e+00
  4.1500000e+00 -1.3936912e+00
  4.1600000e+00 -1.3857687e+00
  4.1700000e+00 -1.3776183e+00
  4.1800000e+00 -1.3692417e+00
  4.1900000e+00 -1.3606407e+00
  4.2000000e+00 -1.3518171e+00
  4.2100000e+00 -1.3427730e+00
  4.2200000e+00 -1.3335101e+00
  4.2300000e+00 -1.3240306e+00
  4.2400000e+00 -1.3143364e+00
  4.2500000e+00 -1.3044298e+00
  4.2600000e+00 -1.2943129e+00
  4.2700000e+00 -1.2839880e+00
  4.2800000e+00 -1.2734573e+00
  4.2900000e+00 -1.2627231e+00
  4.3000000e+00 -1.2517879e+00
  4.3100000e+00 -1.2406540e+00
  4.3200000e+00 -1.2293241e+00
  4.3300000e+00 -1.2178005e+00
  4.3400000e+00 -1.2060859e+00
  4.3500000e+00 -1.1941829e+00
  4.3600000e+00 -1.1820942e+00
  4.3700000e+00 -1.1698226e+00
  4.3800000e+00 -1.1573706e+00
  4.3900000e+00 -1.1447413e+00
  4.4000000e+00 -1.1319374e+00
  4.4100000e+00 -1.1189618e+00
  4.4200000e+00 -1.1058174e+00
  4.4300000e+00 -1.0925072e+00
  4.4400000e+00 -1.0790343e+00
  4.4500000e+00 -1.0654017e+00
  4.4600000e+00 -1.0516124e+00
  4.4700000e+00 -1.0376696e+00
  4.4800000e+00 -1.0235764e+00
  4.4900000e+00 -1.0093360e+00
  4.5000000e+00 -9.9495172e-01
  4.5100000e+00 -9.8042669e-01
  4.5200000e+00 -9.6576424e-01
  4.5300000e+00 -9.5096768e-01
  4.5400000e+00 -9.3604035e-01
  4.5500000e+00 -9.2098561e-01
  4.5600000e+00 -9.0580687e-01
  4.5700000e+00 -8.9050754e-01
  4.5800000e+00 -8.7509106e-01
  4.5900000e+00 -8.5956090e-01
  4.6000000e+00 -8.4392055e-01
  4.6100000e+00 -8.2817353e-01
  4.6200000e+00 -8.1232335e-01
  4.6300000e+00 -7.9637356e-01
  4.6400000e+00 -7.8032774e-01
  4.6500000e+00 -7.6418945e-01
  4.6600000e+00 -7.4796230e-01
  4.6700000e+00 -7.3164989e-01
  4.6800000e+00 -7.1525586e-01
  4.6900000e+00 -6.9878382e-01
  4.7000000e+00 -6.8223743e-01
  4.7100000e+00 -6.6562034e-01
  4.7200000e+00 -6.4893620e-01
  4.7300000e+00 -6.3218870e-01
  4.7400000e+00 -6.1538150e-01
  4.7500000e+00 -5.9851828e-01
  4.7600000e+00 -5.8160272e-01
  4.7700000e+00 -5.6463851e-01
  4.7800000e+00 -5.4762934e-01
  4.7900000e+00 -5.3057888e-01
  4.8000000e+00 -5.1349082e-01
  4.8100000e+00 -4.9636885e-01
  4.8200000e+00 -4.7921664e-01
  4.8300000e+00 -4.6203786e-01
  4.8400000e+00 -4.4483619e-01
  4.8500000e+00 -4.2761528e-01
  4.8600000e+00 -4.1037878e-01
  4.8700000e+00 -3.9313034e-01
  4.8800000e+00 -3.7587359e-01
  4.8900000e+00 -3.5861215e-01
  4.9000000e+00 -3.4134963e-01
  4.9100000e+00 -3.2408962e-01
  4.9200000e+00 -3.0683571e-01
  4.9300000e+00 -2.8959145e-01
  4.9400000e+00 -2.7236039e-01
  4.9500000e+00 -2.5514606e-01
  4.9600000e+00 -2.3795197e-01
  4.9700000e+00 -2.2078161e-01
  4.9800000e+00 -2.0363844e-01
  4.9900000e+00 -1.8652592e-01
  5.0000000e+00 -1.6944745e-01
  5.0100000e+00 -1.5240644e-01
  5.0200000e+00 -1.3540626e-01
  5.0300000e+00 -1.1845025e-01
  5.0400000e+00 -1.0154174e-01
  5.0500000e+00 -8.4683998e-02
  5.0600000e+00 -6.7880299e-02
  5.0700000e+00 -5.1133868e-02
  5.0800000e+00 -3.4447902e-02
  5.0900000e+00 -1.7825567e-02
  5.1000000e+00 -1.2699937e-03
  5.1100000e+00  1.5215719e-02
  5.1200000e+00  3.1628508e-02
  5.1300000e+00  4.7965347e-02
  5.1400000e+00  6.4223244e-02
  5.1500000e+00  8.0399248e-02
  5.1600000e+00  9.6490442e-02
  5.1700000e+00  1.1249395e-01
  5.1800000e+00  1.2840695e-01
  5.1900000e+00  1.4422662e-01
  5.2000000e+00  1.5995023e-01
  5.2100000e+00  1.7557507e-01
  5.2200000e+00  1.9109846e-01
  5.2300000e+00  2.0651778e-01
  5.2400000e+00  2.2183044e-01
  5.2500000e+00  2.3703393e-01
  5.2600000e+00  2.5212574e-01
  5.2700000e+00  2.6710344e-01
  5.2800000e+00  2.8196462e-01
  5.2900000e+00  2.9670695e-01
  5.3000000e+00  3.1132812e-01
  5.3100000e+00  3.2582587e-01
  5.3200000e+00  3.4019802e-01
  5.3300000e+00  3.5444240e-01
  5.3400000e+00  3.6855691e-01
  5.3500000e+00  3.8253951e-01
  5.3600000e+00  3.9638819e-01
  5.3700000e+00  4.1010100e-01
  5.3800000e+00  4.2367605e-01
  5.3900000e+00  4.3711149e-01
  5.4000000e+00  4.5040554e-01
  5.4100000e+00  4.6355646e-01
  5.4200000e+00  4.7656255e-01
  5.4300000e+00  4.8942220e-01
  5.4400000e+00  5.0213382e-01
  5.4500000e+00  5.1469590e-01
  5.4600000e+00  5.2710697e-01
  5.4700000e+00  5.3936560e-01
  5.4800000e+00  5.5147046e-01
  5.4900000e+00  5.6342023e-01
  5.5000000e+00  5.7521367e-01
  5.5100000e+00  5.8684960e-01
  5.5200000e+00  5.9832686e-01
  5.5300000e+00  6.0964440e-01
  5.5400000e+00  6.2080117e-01
  5.5500000e+00  6.3179622e-01
  5.5600000e+00  6.4262864e-01
  5.5700000e+00  6.5329757e-01
  5.5800000e+00  6.6380221e-01
  5.5900000e+00  6.7414182e-01
  5.6000000e+00  6.8431570e-01
  5.6100000e+00  6.9432324e-01
  5.6200000e+00  7.0416386e-01
  5.6300000e+00  7.1383703e-01
  5.6400000e+00  7.2334229e-01
  5.6500000e+00  7.3267924e-01
  5.6600000e+00  7.4184752e-01
  5.6700000e+00  7.5084682e-01
  5.6800000e+00  7.5967692e-01
  5.6900000e+00  7.6833762e-01
  5.7000000e+00  7.7682878e-01
  5.7100000e+00  7.8515032e-01
  5.7200000e+00  7.9330223e-01
  5.7300000e+00  8.0128451e-01
  5.7400000e+00  8.0909727e-01
  5.7500000e+00  8.1674061e-01
  5.7600000e+00  8.2421474e-01
  5.7700000e+00  8.3151988e-01
  5.7800000e+00  8.3865633e-01
  5.7900000e+00  8.4562443e-01
  5.8000000e+00  8.5242456e-01
  5.8100000e+00  8.5905716e-01
  5.8200000e+00  8.6552273e-01
  5.8300000e+00  8.7182180e-01
  5.8400000e+00  8.7795497e-01
  5.8500000e+00  8.8392285e-01
  5.8600000e+00  8.8972615e-01
  5.8700000e+00  8.9536559e-01
  5.8800000e+00  9.0084194e-01
  5.8900000e+00  9.0615604e-01
  5.9000000e+00  9.1130873e-01
  5.9100000e+00  9.1630094e-01
  5.9200000e+00  9.2113363e-01
  5.9300000e+00  9.2580778e-01
  5.9400000e+00  9.3032445e-01
  5.9500000e+00  9.3468471e-01
  5.9600000e+00  9.3888969e-01
  5.9700000e+00  9.4294055e-01
  5.9800000e+00  9.4683850e-01
  5.9900000e+00  9.5058477e-01
  6.0000000e+00  9.5418065e-01
  6.0100000e+00  9.5762746e-01
  6.0200000e+00  9.6092654e-01
  6.0300000e+00  9.6407929e-01
  6.0400000e+00  9.6708713e-01
  6.0500000e+00  9.6995152e-01
  6.0600000e+00  9.7267395e-01
  6.0700000e+00  9.7525595e-01
  6.0800000e+00  9.7769906e-01
  6.0900000e+00  9.8000488e-01
  6.1000000e+00  9.8217501e-01
  6.1100000e+00  9.8421110e-01
  6.1200000e+00  9.8611482e-01
  6.1300000e+00  9.8788787e-01
  6.1400000e+00  9.8953197e-01
  6.1500000e+00  9.9104887e-01
  6.1600000e+00  9.9244034e-01
  6.1700000e+00  9.9370818e-01
  6.1800000e+00  9.9485420e-01
  6.1900000e+00  9.9588025e-01
  6.2000000e+00  9.9678818e-01
  6.2100000e+00  9.9757987e-01
  6.2200000e+00  9.9825722e-01
  6.2300000e+00  9.9882214e-01
  6.2400000e+00  9.9927656e-01
  6.2500000e+00  9.9962242e-01
  6.2600000e+00  9.9986169e-01
  6.2700000e+00  9.9999634e-01
  6.2800000e+00  1.0000284e+00
  6.2900000e+00  9.9995973e-01
  6.3000000e+00  9.9979247e-01
  6.3100000e+00  9.9952859e-01
  6.3200000e+00  9.9917012e-01
  6.3300000e+00  9.9871909e-01
  6.3400000e+00  9.9817754e-01
  6.3500000e+00  9.9754751e-01
  6.3600000e+00  9.9683104e-01
  6.3700000e+00  9.9603020e-01
  6.3800000e+00  9.9514703e-01
  6.3900000e+00  9.9418359e-01
  6.4000000e+00  9.9314192e-01
  6.4100000e+00  9.9202410e-01
  6.4200000e+00  9.9083216e-01
  6.4300000e+00  9.8956817e-01
  6.4400000e+00  9.8823416e-01
  6.4500000e+00  9.8683218e-01
  6.4600000e+00  9.8536426e-01
  6.4700000e+00  9.8383244e-01
  6.4800000e+00  9.8223873e-01
  6.4900000e+00  9.8058515e-01
  6.5000000e+00  9.7887371e-01
  6.5100000e+00  9.7710640e-01
  6.5200000e+00  9.7528520e-01
  6.5300000e+00  9.7341209e-01
  6.5400000e+00  9.7148901e-01
  6.5500000e+00  9.6951792e-01
  6.5600000e+00  9.6750075e-01
  6.5700000e+00  9.6543940e-01
  6.5800000e+00  9.6333578e-01
  6.5900000e+00  9.6119176e-01
  6.6000000e+00  9.5900920e-01
  6.6100000e+00  9.5678995e-01
  6.6200000e+00  9.5453583e-01
  6.6300000e+00  9.5224864e-01
  6.6400000e+00  9.4993016e-01
  6.6500000e+00  9.4758214e-01
  6.6600000e+00  9.4520632e-01
  6.6700000e+00  9.4280441e-01
  6.6800000e+00  9.4037810e-01
  6.6900000e+00  9.3792903e-01
  6.7000000e+00  9.3545885e-01
  6.7100000e+00  9.3296916e-01
  6.7200000e+00  9.3046155e-01
  6.7300000e+00  9.2793755e-01
  6.7400000e+00  9.2539869e-01
  6.7500000e+00  9.2284647e-01
  6.7600000e+00  9.2028234e-01
  6.7700000e+00  9.1770774e-01
  6.7800000e+00  9.1512405e-01
  6.7900000e+00  9.1253266e-01
  6.8000000e+00  9.0993489e-01
  6.8100000e+00  9.0733204e-01
  6.8200000e+00  9.0472538e-01
  6.8300000e+00  9.0211614e-01
  6.8400000e+00  8.9950552e-01
  6.8500000e+00  8.9689468e-01
  6.8600000e+00  8.9428475e-01
  6.8700000e+00  8.9167681e-01
  6.8800000e+00  8.8907192e-01
  6.8900000e+00  8.8647109e-01
  6.9000000e+00  8.8387531e-01
  6.9100000e+00  8.8128551e-01
  6.9200000e+00  8.7870259e-01
  6.9300000e+00  8.7612742e-01
  6.9400000e+00  8.7356081e-01
  6.9500000e+00  8.7100357e-01
  6.9600000e+00  8.6845642e-01
  6.9700000e+00  8.6592008e-01
  6.9800000e+00  8.6339521e-01
  6.9900000e+00  8.6088244e-01
  7.0000000e+00  8.5838235e-01
  7.0100000e+00  8.5589547e-01
  7.0200000e+00  8.5342233e-01
  7.0300000e+00  8.5096337e-01
  7.0400000e+00  8.4851901e-01
  7.0500000e+00  8.4608964e-01
  7.0600000e+00  8.4367559e-01
  7.0700000e+00  8.4127716e-01
  7.0800000e+00  8.3889460e-01
  7.0900000e+00  8.3652813e-01
  7.1000000e+00  8.3417791e-01
  7.1100000e+00  8.3184407e-01
  7.1200000e+00  8.2952671e-01
  7.1300000e+00  8.2722587e-01
  7.1400000e+00  8.2494155e-01
  7.1500000e+00  8.2267372e-01
  7.1600000e+00  8.2042230e-01
  7.1700000e+00  8.1818717e-01
  7.1800000e+00  8.1596817e-01
  7.1900000e+00  8.1376510e-01
  7.2000000e+00  8.1157772e-01
  7.2100000e+00  8.0940575e-01
  7.2200000e+00  8.0724887e-01
  7.2300000e+00  8.0510671e-01
  7.2400000e+00  8.0297887e-01
  7.2500000e+00  8.0086492e-01
  7.2600000e+00  7.9876437e-01
  7.2700000e+00  7.9667670e-01
  7.2800000e+00  7.9460137e-01
  7.2900000e+00  7.9253776e-01
  7.3000000e+00  7.9048525e-01
  7.3100000e+00  7.8844318e-01
  7.3200000e+00  7.8641083e-01
  7.3300000e+00  7.8438746e-01
  7.3400000e+00  7.8237229e-01
  7.3500000e+00  7.8036451e-01
  7.3600000e+00  7.7836327e-01
  7.3700000e+00  7.7636769e-01
  7.3800000e+00  7.7437683e-01
  7.3900000e+00  7.7238977e-01
  7.4000000e+00  7.7040551e-01
  7.4100000e+00  7.6842303e-01
  7.4200000e+00  7.6644128e-01
  7.4300000e+00  7.6445920e-01
  7.4400000e+00  7.6247566e-01
  7.4500000e+00  7.6048953e-01
  7.4600000e+00  7.5849964e-01
  7.4700000e+00  7.5650479e-01
  7.4800000e+00  7.5450375e-01
  7.4900000e+00  7.5249529e-01
  7.5000000e+00  7.5047810e-01
  7.5100000e+00  7.4845090e-01
  7.5200000e+00  7.4641235e-01
  7.5300000e+00  7.4436110e-01
  7.5400000e+00  7.4229577e-01
  7.5500000e+00  7.4021495e-01
  7.5600000e+00  7.3811724e-01
  7.5700000e+00  7.3600118e-01
  7.5800000e+00  7.3386531e-01
  7.5900000e+00  7.3170815e-01
  7.6000000e+00  7.2952820e-01
  7.6100000e+00  7.2732394e-01
  7.6200000e+00  7.2509382e-01
  7.6300000e+00  7.2283630e-01
  7.6400000e+00  7.2054982e-01
  7.6500000e+00  7.1823277e-01
  7.6600000e+00  7.1588358e-01
  7.6700000e+00  7.1350064e-01
  7.6800000e+00  7.1108231e-01
  7.6900000e+00  7.0862697e-01
  7.7000000e+00  7.0613299e-01
  7.7100000e+00  7.0359870e-01
  7.7200000e+00  7.0102245e-01
  7.7300000e+00  6.9840257e-01
  7.7400000e+00  6.9573740e-01
  7.7500000e+00  6.9302525e-01
  7.7600000e+00  6.9026445e-01
  7.7700000e+00  6.8745331e-01
  7.7800000e+00  6.8459014e-01
  7.7900000e+00  6.8167325e-01
  7.8000000e+00  6.7870096e-01
  7.8100000e+00  6.7567157e-01
  7.8200000e+00  6.7258340e-01
  7.8300000e+00  6.6943476e-01
  7.8400000e+00  6.6622398e-01
  7.8500000e+00  6.6294937e-01
  7.8600000e+00  6.5960925e-01
  7.8700000e+00  6.5620198e-01
  7.8800000e+00  6.5272588e-01
  7.8900000e+00  6.4917931e-01
  7.9000000e+00  6.4556062e-01
  7.9100000e+00  6.4186818e-01
  7.9200000e+00  6.3810038e-01
  7.9300000e+00  6.3425560e-01
  7.9400000e+00  6.3033226e-01
  7.9500000e+00  6.2632876e-01
  7.9600000e+00  6.2224354e-01
  7.9700000e+00  6.1807505e-01
  7.9800000e+00  6.1382176e-01
  7.9900000e+00  6.0948214e-01
  8.0000000e+00  6.0505471e-01
  8.0100000e+00  6.0053799e-01
  8.0200000e+00  5.9593051e-01
  8.0300000e+00  5.9123084e-01
  8.0400000e+00  5.8643757e-01
  8.0500000e+00  5.8154930e-01
  8.0600000e+00  5.7656467e-01
  8.0700000e+00  5.7148233e-01
  8.0800000e+00  5.6630098e-01
  8.0900000e+00  5.6101932e-01
  8.1000000e+00  5.5563608e-01
  8.1100000e+00  5.5015004e-01
  8.1200000e+00  5.4455998e-01
  8.1300000e+00  5.3886475e-01
  8.1400000e+00  5.3306318e-01
  8.1500000e+00  5.2715417e-01
  8.1600000e+00  5.2113664e-01
  8.1700000e+00  5.1500955e-01
  8.1800000e+00  5.0877187e-01
  8.1900000e+00  5.0242264e-01
  8.2000000e+00  4.9596091e-01
  8.2100000e+00  4.8938577e-01
  8.2200000e+00  4.8269635e-01
  8.2300000e+00  4.7589182e-01
  8.2400000e+00  4.6897140e-01
  8.2500000e+00  4.6193431e-01
  8.2600000e+00  4.5477986e-01
  8.2700000e+00  4.4750736e-01
  8.2800000e+00  4.4011617e-01
  8.2900000e+00  4.3260572e-01
  8.3000000e+00  4.2497543e-01
  8.3100000e+00  4.1722482e-01
  8.3200000e+00  4.0935341e-01
  8.3300000e+00  4.0136077e-01
  8.3400000e+00  3.9324655e-01
  8.3500000e+00  3.8501039e-01
  8.3600000e+00  3.7665202e-01
  8.3700000e+00  3.6817119e-01
  8.3800000e+00  3.5956771e-01
  8.3900000e+00  3.5084144e-01
  8.4000000e+00  3.4199225e-01
  8.4100000e+00  3.3302012e-01
  8.4200000e+00  3.2392502e-01
  8.4300000e+00  3.1470700e-01
  8.4400000e+00  3.0536615e-01
  8.4500000e+00  2.9590261e-01
  8.4600000e+00  2.8631656e-01
  8.4700000e+00  2.7660826e-01
  8.4800000e+00  2.6677797e-01
  8.4900000e+00  2.5682604e-01
  8.5000000e+00  2.4675286e-01
  8.5100000e+00  2.3655887e-01
  8.5200000e+00  2.2624455e-01
  8.5300000e+00  2.1581044e-01
  8.5400000e+00  2.0525713e-01
  8.5500000e+00  1.9458527e-01
  8.5600000e+00  1.8379554e-01
  8.5700000e+00  1.7288869e-01
  8.5800000e+00  1.6186552e-01
  8.5900000e+00  1.5072685e-01
  8.6000000e+00  1.3947361e-01
  8.6100000e+00  1.2810673e-01
  8.6200000e+00  1.1662721e-01
  8.6300000e+00  1.0503610e-01
  8.6400000e+00  9.3334502e-02
  8.6500000e+00  8.1523574e-02
  8.6600000e+00  6.9604517e-02
  8.6700000e+00  5.7578583e-02
  8.6800000e+00  4.5447080e-02
  8.6900000e+00  3.3211361e-02
  8.7000000e+00  2.0872834e-02
  8.7100000e+00  8.4329529e-03
  8.7200000e+00 -4.1067754e-03
  8.7300000e+00 -1.6744796e-02
  8.7400000e+00 -2.9479504e-02
  8.7500000e+00 -4.2309246e-02
  8.7600000e+00 -5.5232320e-02
  8.7700000e+00 -6.8246975e-02
  8.7800000e+00 -8.1351412e-02
  8.7900000e+00 -9.4543785e-02
  8.8000000e+00 -1.0782220e-01
  8.8100000e+00 -1.2118472e-01
  8.8200000e+00 -1.3462935e-01
  8.8300000e+00 -1.4815407e-01
  8.8400000e+00 -1.6175679e-01
  8.8500000e+00 -1.7543539e-01
  8.8600000e+00 -1.8918771e-01
  8.8700000e+00 -2.0301153e-01
  8.8800000e+00 -2.1690460e-01
  8.8900000e+00 -2.3086463e-01
  8.9000000e+00 -2.4488926e-01
  8.9100000e+00 -2.5897613e-01
  8.9200000e+00 -2.7312280e-01
  8.9300000e+00 -2.8732683e-01
  8.9400000e+00 -3.0158569e-01
  8.9500000e+00 -3.1589687e-01
  8.9600000e+00 -3.3025777e-01
  8.9700000e+00 -3.4466577e-01
  8.9800000e+00 -3.5911824e-01
  8.9900000e+00 -3.7361247e-01
  9.0000000e+00 -3.8814575e-01
  9.0100000e+00 -4.0271531e-01
  9.0200000e+00 -4.1731836e-01
  9.0300000e+00 -4.3195208e-01
  9.0400000e+00 -4.4661360e-01
  9.0500000e+00 -4.6130005e-01
  9.0600000e+00 -4.7600850e-01
  9.0700000e+00 -4.9073600e-01
  9.0800000e+00 -5.0547958e-01
  9.0900000e+00 -5.2023623e-01
  9.1000000e+00 -5.3500291e-01
  9.1100000e+00 -5.4977659e-01
  9.1200000e+00 -5.6455416e-01
  9.1300000e+00 -5.7933253e-01
  9.1400000e+00 -5.9410856e-01
  9.1500000e+00 -6.0887911e-01
  9.1600000e+00 -6.2364100e-01
  9.1700000e+00 -6.3839104e-01
  9.1800000e+00 -6.5312603e-01
  9.1900000e+00 -6.6784272e-01
  9.2000000e+00 -6.8253788e-01
  9.2100000e+00 -6.9720824e-01
  9.2200000e+00 -7.1185052e-01
  9.2300000e+00 -7.2646145e-01
  9.2400000e+00 -7.4103770e-01
  9.2500000e+00 -7.5557597e-01
  9.2600000e+00 -7.7007293e-01
  9.2700000e+00 -7.8452525e-01
  9.2800000e+00 -7.9892957e-01
  9.2900000e+00 -8.1328256e-01
  9.3000000e+00 -8.2758085e-01
  9.3100000e+00 -8.4182107e-01
  9.3200000e+00 -8.5599987e-01
  9.3300000e+00 -8.7011388e-01
  9.3400000e+00 -8.8415971e-01
  9.3500000e+00 -8.9813400e-01
  9.3600000e+00 -9.1203338e-01
  9.3700000e+00 -9.2585447e-01
  9.3800000e+00 -9.3959392e-01
  9.3900000e+00 -9.5324834e-01
  9.4000000e+00 -9.6681439e-01
  9.4100000e+00 -9.8028872e-01
  9.4200000e+00 -9.9366797e-01
  9.4300000e+00 -1.0069488e+00
  9.4400000e+00 -1.0201279e+00
  9.4500000e+00 -1.0332020e+00
  9.4600000e+00 -1.0461676e+00
  9.4700000e+00 -1.0590217e+00
  9.4800000e+00 -1.0717607e+00
  9.4900000e+00 -1.0843816e+00
  9.5000000e+00 -1.0968811e+00
  9.5100000e+00 -1.1092559e+00
  9.5200000e+00 -1.1215027e+00
  9.5300000e+00 -1.1336185e+00
  9.5400000e+00 -1.1456001e+00
  9.5500000e+00 -1.1574443e+00
  9.5600000e+00 -1.1691479e+00
  9.5700000e+00 -1.1807079e+00
  9.5800000e+00 -1.1921212e+00
  9.5900000e+00 -1.2033847e+00
  9.6000000e+00 -1.2144954e+00
  9.6100000e+00 -1.2254504e+00
  9.6200000e+00 -1.2362466e+00
  9.6300000e+00 -1.2468811e+00
  9.6400000e+00 -1.2573511e+00
  9.6500000e+00 -1.2676535e+00
  9.6600000e+00 -1.2777857e+00
  9.6700000e+00 -1.2877448e+00
  9.6800000e+00 -1.2975280e+00
  9.6900000e+00 -1.3071325e+00
  9.7000000e+00 -1.3165558e+00
  9.7100000e+00 -1.3257951e+00
  9.7200000e+00 -1.3348478e+00
  9.7300000e+00 -1.3437114e+00
  9.7400000e+00 -1.3523833e+00
  9.7500000e+00 -1.3608610e+00
  9.7600000e+00 -1.3691420e+00
  9.7700000e+00 -1.3772241e+00
  9.7800000e+00 -1.3851046e+00
  9.7900000e+00 -1.3927815e+00
  9.8000000e+00 -1.4002524e+00
  9.8100000e+00 -1.4075150e+00
  9.8200000e+00 -1.4145673e+00
  9.8300000e+00 -1.4214070e+00
  9.8400000e+00 -1.4280321e+00
  9.8500000e+00 -1.4344406e+00
  9.8600000e+00 -1.4406305e+00
  9.8700000e+00 -1.4465999e+00
  9.8800000e+00 -1.4523469e+00
  9.8900000e+00 -1.4578696e+00
  9.9000000e+00 -1.4631664e+00
  9.9100000e+00 -1.4682355e+00
  9.9200000e+00 -1.4730753e+00
  9.9300000e+00 -1.4776841e+00
  9.9400000e+00 -1.4820605e+00
  9.9500000e+00 -1.4862029e+00
  9.9600000e+00 -1.4901099e+00
  9.9700000e+00 -1.4937802e+00
  9.9800000e+00 -1.4972124e+00
  9.9900000e+00 -1.5004053e+00
  1.0000000e+01 -1.5033577e+00
  1.0010000e+01 -1.5060684e+00
  1.0020000e+01 -1.5085365e+00
  1.0030000e+01 -1.5107609e+00
  1.0040000e+01 -1.5127406e+00
  1.0050000e+01 -1.5144747e+00
  1.0060000e+01 -1.5159625e+00
  1.0070000e+01 -1.5172032e+00
  1.0080000e+01 -1.5181961e+00
  1.0090000e+01 -1.5189405e+00
  1.0100000e+01 -1.5194359e+00
  1.0110000e+01 -1.5196818e+00
  1.0120000e+01 -1.5196777e+00
  1.0130000e+01 -1.5194232e+00
  1.0140000e+01 -1.5189181e+00
  1.0150000e+01 -1.5181621e+00
  1.0160000e+01 -1.5171550e+00
  1.0170000e+01 -1.5158967e+00
  1.0180000e+01 -1.5143871e+00
  1.0190000e+01 -1.5126263e+00
  1.0200000e+01 -1.5106143e+00
  1.0210000e+01 -1.5083512e+00
  1.0220000e+01 -1.5058373e+00
  1.0230000e+01 -1.5030729e+00
  1.0240000e+01 -1.5000582e+00
  1.0250000e+01 -1.4967937e+00
  1.0260000e+01 -1.4932798e+00
  1.0270000e+01 -1.4895171e+00
  1.0280000e+01 -1.4855061e+00
  1.0290000e+01 -1.4812476e+00
  1.0300000e+01 -1.4767422e+00
  1.0310000e+01 -1.4719908e+00
  1.0320000e+01 -1.4669941e+00
  1.0330000e+01 -1.4617532e+00
  1.0340000e+01 -1.4562689e+00
  1.0350000e+01 -1.4505424e+00
  1.0360000e+01 -1.4445747e+00
  1.0370000e+01 -1.4383669e+00
  1.0380000e+01 -1.4319205e+00
  1.0390000e+01 -1.4252365e+00
  1.0400000e+01 -1.4183164e+00
  1.0410000e+01 -1.4111616e+00
  1.0420000e+01 -1.4037736e+00
  1.0430000e+01 -1.3961538e+00
  1.0440000e+01 -1.3883040e+00
  1.0450000e+01 -1.3802257e+00
  1.0460000e+01 -1.3719207e+00
  1.0470000e+01 -1.3633907e+00
  1.0480000e+01 -1.3546375e+00
  1.0490000e+01 -1.3456631e+00
  1.0500000e+01 -1.3364694e+00
  1.0510000e+01 -1.3270584e+00
  1.0520000e+01 -1.3174321e+00
  1.0530000e+01 -1.3075927e+00
  1.0540000e+01 -1.2975423e+00
  1.0550000e+01 -1.2872831e+00
  1.0560000e+01 -1.2768174e+00
  1.0570000e+01 -1.2661475e+00
  1.0580000e+01 -1.2552758e+00
  1.0590000e+01 -1.2442047e+00
  1.0600000e+01 -1.2329367e+00
  1.0610000e+01 -1.2214742e+00
  1.0620000e+01 -1.2098199e+00
  1.0630000e+01 -1.1979764e+00
  1.0640000e+01 -1.1859463e+00
  1.0650000e+01 -1.1737324e+00
  1.0660000e+01 -1.1613373e+00
  1.0670000e+01 -1.1487639e+00
  1.0680000e+01 -1.1360151e+00
  1.0690000e+01 -1.1230936e+00
  1.0700000e+01 -1.1100024e+00
  1.0710000e+01 -1.0967445e+00
  1.0720000e+01 -1.0833229e+00
  1.0730000e+01 -1.0697405e+00
  1.0740000e+01 -1.0560006e+00
  1.0750000e+01 -1.0421061e+00
  1.0760000e+01 -1.0280602e+00
  1.0770000e+01 -1.0138662e+00
  1.0780000e+01 -9.9952712e-01
  1.0790000e+01 -9.8504634e-01
  1.0800000e+01 -9.7042708e-01
  1.0810000e+01 -9.5567266e-01
  1.0820000e+01 -9.4078640e-01
  1.0830000e+01 -9.2577166e-01
  1.0840000e+01 -9.1063184e-01
  1.0850000e+01 -8.9537033e-01
  1.0860000e+01 -8.7999058e-01
  1.0870000e+01 -8.6449605e-01
  1.0880000e+01 -8.4889022e-01
  1.0890000e+01 -8.3317659e-01
  1.0900000e+01 -8.1735869e-01
  1.0910000e+01 -8.0144005e-01
  1.0920000e+01 -7.8542423e-01
  1.0930000e+01 -7.6931482e-01
  1.0940000e+01 -7.5311539e-01
  1.0950000e+01 -7.3682957e-01
  1.0960000e+01 -7.2046095e-01
  1.0970000e+01 -7.0401318e-01
  1.0980000e+01 -6.8748990e-01
  1.0990000e+01 -6.7089476e-01
  1.1000000e+01 -6.5423141e-01
  1.1010000e+01 -6.3750352e-01
  1.1020000e+01 -6.2071477e-01
  1.1030000e+01 -6.0386883e-01
  1.1040000e+01 -5.8696938e-01
  1.1050000e+01 -5.7002011e-01
  1.1060000e+01 -5.5302470e-01
  1.1070000e+01 -5.3598683e-01
  1.1080000e+01 -5.1891020e-01
  1.1090000e+01 -5.0179848e-01
  1.1100000e+01 -4.8465536e-01
  1.1110000e+01 -4.6748450e-01
  1.1120000e+01 -4.5028958e-01
  1.1130000e+01 -4.3307427e-01
  1.1140000e+01 -4.1584220e-01
  1.1150000e+01 -3.9859704e-01
  1.1160000e+01 -3.8134241e-01
  1.1170000e+01 -3.6408195e-01
  1.1180000e+01 -3.4681926e-01
  1.1190000e+01 -3.2955794e-01
  1.1200000e+01 -3.1230158e-01
  1.1210000e+01 -2.9505374e-01
  1.1220000e+01 -2.7781798e-01
  1.1230000e+01 -2.6059783e-01
  1.1240000e+01 -2.4339681e-01
  1.1250000e+01 -2.2621841e-01
  1.1260000e+01 -2.0906611e-01
  1.1270000e+01 -1.9194335e-01
  1.1280000e+01 -1.7485357e-01
  1.1290000e+01 -1.5780017e-01
  1.1300000e+01 -1.4078653e-01
  1.1310000e+01 -1.2381601e-01
  1.1320000e+01 -1.0689193e-01
  1.1330000e+01 -9.0017579e-02
  1.1340000e+01 -7.3196240e-02
  1.1350000e+01 -5.6431145e-02
  1.1360000e+01 -3.9725504e-02
  1.1370000e+01 -2.3082492e-02
  1.1380000e+01 -6.5052510e-03
  1.1390000e+01  1.0003109e-02
  1.1400000e+01  2.6439515e-02
  1.1410000e+01  4.2800927e-02
  1.1420000e+01  5.9084343e-02
  1.1430000e+01  7.5286799e-02
  1.1440000e+01  9.1405368e-02
  1.1450000e+01  1.0743716e-01
  1.1460000e+01  1.2337933e-01
  1.1470000e+01  1.3922907e-01
  1.1480000e+01  1.5498361e-01
  1.1490000e+01  1.7064023e-01
  1.1500000e+01  1.8619624e-01
  1.1510000e+01  2.0164902e-01
  1.1520000e+01  2.1699595e-01
  1.1530000e+01  2.3223451e-01
  1.1540000e+01  2.4736217e-01
  1.1550000e+01  2.6237649e-01
  1.1560000e+01  2.7727505e-01
  1.1570000e+01  2.9205550e-01
  1.1580000e+01  3.0671551e-01
  1.1590000e+01  3.2125281e-01
  1.1600000e+01  3.3566520e-01
  1.1610000e+01  3.4995050e-01
  1.1620000e+01  3.6410659e-01
  1.1630000e+01  3.7813141e-01
  1.1640000e+01  3.9202295e-01
  1.1650000e+01  4.0577922e-01
  1.1660000e+01  4.1939834e-01
  1.1670000e+01  4.3287842e-01
  1.1680000e+01  4.4621767e-01
  1.1690000e+01  4.5941433e-01
  1.1700000e+01  4.7246670e-01
  1.1710000e+01  4.8537313e-01
  1.1720000e+01  4.9813203e-01
  1.1730000e+01  5.1074186e-01
  1.1740000e+01  5.2320113e-01
  1.1750000e+01  5.3550842e-01
  1.1760000e+01  5.4766235e-01
  1.1770000e+01  5.5966160e-01
  1.1780000e+01  5.7150491e-01
  1.1790000e+01  5.8319107e-01
  1.1800000e+01  5.9471892e-01
  1.1810000e+01  6.0608738e-01
  1.1820000e+01  6.1729540e-01
  1.1830000e+01  6.2834199e-01
  1.1840000e+01  6.3922623e-01
  1.1850000e+01  6.4994724e-01
  1.1860000e+01  6.6050421e-01
  1.1870000e+01  6.7089637e-01
  1.1880000e+01  6.8112302e-01
  1.1890000e+01  6.9118352e-01
  1.1900000e+01  7.0107727e-01
  1.1910000e+01  7.1080373e-01
  1.1920000e+01  7.2036242e-01
  1.1930000e+01  7.2975292e-01
  1.1940000e+01  7.3897484e-01
  1.1950000e+01  7.4802789e-01
  1.1960000e+01  7.5691180e-01
  1.1970000e+01  7.6562635e-01
  1.1980000e+01  7.7417140e-01
  1.1990000e+01  7.8254686e-01
  1.2000000e+01  7.9075267e-01
  1.2010000e+01  7.9878885e-01
  1.2020000e+01  8.0665546e-01
  1.2030000e+01  8.1435261e-01
  1.2040000e+01  8.2188048e-01
  1.2050000e+01  8.2923928e-01
  1.2060000e+01  8.3642929e-01
  1.2070000e+01  8.4345083e-01
  1.2080000e+01  8.5030426e-01
  1.2090000e+01  8.5699003e-01
  1.2100000e+01  8.6350859e-01
  1.2110000e+01  8.6986048e-01
  1.2120000e+01  8.7604626e-01
  1.2130000e+01  8.8206656e-01
  1.2140000e+01  8.8792204e-01
  1.2150000e+01  8.9361342e-01
  1.2160000e+01  8.9914147e-01
  1.2170000e+01  9.0450698e-01
  1.2180000e+01  9.0971081e-01
  1.2190000e+01  9.1475386e-01
  1.2200000e+01  9.1963708e-01
  1.2210000e+01  9.2436143e-01
  1.2220000e+01  9.2892796e-01
  1.2230000e+01  9.3333774e-01
  1.2240000e+01  9.3759186e-01
  1.2250000e+01  9.4169149e-01
  1.2260000e+01  9.4563781e-01
  1.2270000e+01  9.4943206e-01
  1.2280000e+01  9.5307551e-01
  1.2290000e+01  9.5656945e-01
  1.2300000e+01  9.5991523e-01
  1.2310000e+01  9.6311423e-01
  1.2320000e+01  9.6616786e-01
  1.2330000e+01  9.6907758e-01
  1.2340000e+01  9.7184485e-01
  1.2350000e+01  9.7447119e-01
  1.2360000e+01  9.7695815e-01
  1.2370000e+01  9.7930730e-01
  1.2380000e+01  9.8152025e-01
  1.2390000e+01  9.8359863e-01
  1.2400000e+01  9.8554411e-01
  1.2410000e+01  9.8735836e-01
  1.2420000e+01  9.8904312e-01
  1.2430000e+01  9.9060011e-01
  1.2440000e+01  9.9203110e-01
  1.2450000e+01  9.9333788e-01
  1.2460000e+01  9.9452227e-01
  1.2470000e+01  9.9558609e-01
  1.2480000e+01  9.9653120e-01
  1.2490000e+01  9.9735946e-01
  1.2500000e+01  9.9807277e-01
  1.2510000e+01  9.9867305e-01
  1.2520000e+01  9.9916220e-01
  1.2530000e+01  9.9954218e-01
  1.2540000e+01  9.9981493e-01
  1.2550000e+01  9.9998243e-01
  1.2560000e+01  1.0000467e+00
  1.2570000e+01  1.0000096e+00
  1.2580000e+01  9.9987329e-01
  1.2590000e+01  9.9963971e-01
  1.2600000e+01  9.9931088e-01
  1.2610000e+01  9.9888884e-01
  1.2620000e+01  9.9837563e-01
  1.2630000e+01  9.9777329e-01
  1.2640000e+01  9.9708386e-01
  1.2650000e+01  9.9630940e-01
  1.2660000e+01  9.9545195e-01
  1.2670000e+01  9.9451358e-01
  1.2680000e+01  9.9349633e-01
  1.2690000e+01  9.9240226e-01
  1.2700000e+01  9.9123343e-01
  1.2710000e+01  9.8999188e-01
  1.2720000e+01  9.8867967e-01
  1.2730000e+01  9.8729883e-01
  1.2740000e+01  9.8585141e-01
  1.2750000e+01  9.8433943e-01
  1.2760000e+01  9.8276493e-01
  1.2770000e+01  9.8112991e-01
  1.2780000e+01  9.7943640e-01
  1.2790000e+01  9.7768637e-01
  1.2800000e+01  9.7588183e-01
  1.2810000e+01  9.7402474e-01
  1.2820000e+01  9.7211707e-01
  1.2830000e+01  9.7016077e-01
  1.2840000e+01  9.6815777e-01
  1.2850000e+01  9.6610998e-01
  1.2860000e+01  9.6401932e-01
  1.2870000e+01  9.6188766e-01
  1.2880000e+01  9.5971688e-01
  1.2890000e+01  9.5750882e-01
  1.2900000e+01  9.5526531e-01
  1.2910000e+01  9.5298815e-01
  1.2920000e+01  9.5067914e-01
  1.2930000e+01  9.4834003e-01
  1.2940000e+01  9.4597258e-01
  1.2950000e+01  9.4357849e-01
  1.2960000e+01  9.4115945e-01
  1.2970000e+01  9.3871715e-01
  1.2980000e+01  9.3625321e-01
  1.2990000e+01  9.3376925e-01
  1.3000000e+01  9.3126687e-01
  1.3010000e+01  9.2874761e-01
  1.3020000e+01  9.2621302e-01
  1.3030000e+01  9.2366458e-01
  1.3040000e+01  9.2110377e-01
  1.3050000e+01  9.1853204e-01
  1.3060000e+01  9.1595079e-01
  1.3070000e+01  9.1336139e-01
  1.3080000e+01  9.1076519e-01
  1.3090000e+01  9.0816351e-01
  1.3100000e+01  9.0555762e-01
  1.3110000e+01  9.0294875e-01
  1.3120000e+01  9.0033813e-01
  1.3130000e+01  8.9772692e-01
  1.3140000e+01  8.9511627e-01
  1.3150000e+01  8.9250726e-01
  1.3160000e+01  8.8990098e-01
  1.3170000e+01  8.8729843e-01
  1.3180000e+01  8.8470062e-01
  1.3190000e+01  8.8210850e-01
  1.3200000e+01  8.7952298e-01
  1.3210000e+01  8.7694494e-01
  1.3220000e+01  8.7437521e-01
  1.3230000e+01  8.7181459e-01
  1.3240000e+01  8.6926383e-01
  1.3250000e+01  8.6672366e-01
  1.3260000e+01  8.6419476e-01
  1.3270000e+01  8.6167776e-01
  1.3280000e+01  8.5917325e-01
  1.3290000e+01  8.5668180e-01
  1.3300000e+01  8.5420392e-01
  1.3310000e+01  8.5174008e-01
  1.3320000e+01  8.4929072e-01
  1.3330000e+01  8.4685623e-01
  1.3340000e+01  8.4443696e-01
  1.3350000e+01  8.4203321e-01
  1.3360000e+01  8.3964526e-01
  1.3370000e+01  8.3727334e-01
  1.3380000e+01  8.3491762e-01
  1.3390000e+01  8.3257825e-01
  1.3400000e+01  8.3025533e-01
  1.3410000e+01  8.2794892e-01
  1.3420000e+01  8.2565904e-01
  1.3430000e+01  8.2338566e-01
  1.3440000e+01  8.2112872e-01
  1.3450000e+01  8.1888812e-01
  1.3460000e+01  8.1666370e-01
  1.3470000e+01  8.1445528e-01
  1.3480000e+01  8.1226264e-01
  1.3490000e+01  8.1008550e-01
  1.3500000e+01  8.0792355e-01
  1.3510000e+01  8.0577644e-01
  1.3520000e+01  8.0364380e-01
  1.3530000e+01  8.0152518e-01
  1.3540000e+01  7.9942012e-01
  1.3550000e+01  7.9732812e-01
  1.3560000e+01  7.9524863e-01
  1.3570000e+01  7.9318107e-01
  1.3580000e+01  7.9112481e-01
  1.3590000e+01  7.8907921e-01
  1.3600000e+01  7.8704355e-01
  1.3610000e+01  7.8501713e-01
  1.3620000e+01  7.8299915e-01
  1.3630000e+01  7.8098883e-01
  1.3640000e+01  7.7898532e-01
  1.3650000e+01  7.7698776e-01
  1.3660000e+01  7.7499522e-01
  1.3670000e+01  7.7300678e-01
  1.3680000e+01  7.7102146e-01
  1.3690000e+01  7.6903826e-01
  1.3700000e+01  7.6705613e-01
  1.3710000e+01  7.6507400e-01
  1.3720000e+01  7.6309078e-01
  1.3730000e+01  7.6110534e-01
  1.3740000e+01  7.5911652e-01
  1.3750000e+01  7.5712312e-01
  1.3760000e+01  7.5512393e-01
  1.3770000e+01  7.5311771e-01
  1.3780000e+01  7.5110319e-01
  1.3790000e+01  7.4907907e-01
  1.3800000e+01  7.4704403e-01
  1.3810000e+01  7.4499672e-01
  1.3820000e+01  7.4293578e-01
  1.3830000e+01  7.4085980e-01
  1.3840000e+01  7.3876739e-01
  1.3850000e+01  7.3665709e-01
  1.3860000e+01  7.3452745e-01
  1.3870000e+01  7.3237700e-01
  1.3880000e+01  7.3020424e-01
  1.3890000e+01  7.2800765e-01
  1.3900000e+01  7.2578570e-01
  1.3910000e+01  7.2353685e-01
  1.3920000e+01  7.2125954e-01
  1.3930000e+01  7.1895218e-01
  1.3940000e+01  7.1661318e-01
  1.3950000e+01  7.1424094e-01
  1.3960000e+01  7.1183384e-01
  1.3970000e+01  7.0939026e-01
  1.3980000e+01  7.0690854e-01
  1.3990000e+01  7.0438706e-01
  1.4000000e+01  7.0182415e-01
  1.4010000e+01  6.9921815e-01
  1.4020000e+01  6.9656738e-01
  1.4030000e+01  6.9387018e-01
  1.4040000e+01  6.9112486e-01
  1.4050000e+01  6.8832974e-01
  1.4060000e+01  6.8548313e-01
  1.4070000e+01  6.8258334e-01
  1.4080000e+01  6.7962869e-01
  1.4090000e+01  6.7661749e-01
  1.4100000e+01  6.7354804e-01
  1.4110000e+01  6.7041867e-01
  1.4120000e+01  6.6722768e-01
  1.4130000e+01  6.6397340e-01
  1.4140000e+01  6.6065416e-01
  1.4150000e+01  6.5726829e-01
  1.4160000e+01  6.5381413e-01
  1.4170000e+01  6.5029001e-01
  1.4180000e+01  6.4669431e-01
  1.4190000e+01  6.4302538e-01
  1.4200000e+01  6.3928160e-01
  1.4210000e+01  6.3546136e-01
  1.4220000e+01  6.3156306e-01
  1.4230000e+01  6.2758511e-01
  1.4240000e+01  6.2352595e-01
  1.4250000e+01  6.1938401e-01
  1.4260000e+01  6.1515775e-01
  1.4270000e+01  6.1084566e-01
  1.4280000e+01  6.0644623e-01
  1.4290000e+01  6.0195797e-01
  1.4300000e+01  5.9737943e-01
  1.4310000e+01  5.9270915e-01
  1.4320000e+01  5.8794572e-01
  1.4330000e+01  5.8308774e-01
  1.4340000e+01  5.7813383e-01
  1.4350000e+01  5.7308265e-01
  1.4360000e+01  5.6793287e-01
  1.4370000e+01  5.6268318e-01
  1.4380000e+01  5.5733233e-01
  1.4390000e+01  5.5187906e-01
  1.4400000e+01  5.4632217e-01
  1.4410000e+01  5.4066046e-01
  1.4420000e+01  5.3489279e-01
  1.4430000e+01  5.2901803e-01
  1.4440000e+01  5.2303510e-01
  1.4450000e+01  5.1694293e-01
  1.4460000e+01  5.1074050e-01
  1.4470000e+01  5.0442683e-01
  1.4480000e+01  4.9800095e-01
  1.4490000e+01  4.9146196e-01
  1.4500000e+01  4.8480896e-01
  1.4510000e+01  4.7804113e-01
  1.4520000e+01  4.7115764e-01
  1.4530000e+01  4.6415773e-01
  1.4540000e+01  4.5704068e-01
  1.4550000e+01  4.4980579e-01
  1.4560000e+01  4.4245243e-01
  1.4570000e+01  4.3497998e-01
  1.4580000e+01  4.2738787e-01
  1.4590000e+01  4.1967560e-01
  1.4600000e+01  4.1184267e-01
  1.4610000e+01  4.0388866e-01
  1.4620000e+01  3.9581317e-01
  1.4630000e+01  3.8761585e-01
  1.4640000e+01  3.7929641e-01
  1.4650000e+01  3.7085459e-01
  1.4660000e+01  3.6229018e-01
  1.4670000e+01  3.5360301e-01
  1.4680000e+01  3.4479297e-01
  1.4690000e+01  3.3585999e-01
  1.4700000e+01  3.2680405e-01
  1.4710000e+01  3.1762517e-01
  1.4720000e+01  3.0832343e-01
  1.4730000e+01  2.9889895e-01
  1.4740000e+01  2.8935191e-01
  1.4750000e+01  2.7968252e-01
  1.4760000e+01  2.6989107e-01
  1.4770000e+01  2.5997786e-01
  1.4780000e+01  2.4994328e-01
  1.4790000e+01  2.3978774e-01
  1.4800000e+01  2.2951171e-01
  1.4810000e+01  2.1911572e-01
  1.4820000e+01  2.0860035e-01
  1.4830000e+01  1.9796621e-01
  1.4840000e+01  1.8721398e-01
  1.4850000e+01  1.7634439e-01
  1.4860000e+01  1.6535822e-01
  1.4870000e+01  1.5425629e-01
  1.4880000e+01  1.4303949e-01
  1.4890000e+01  1.3170875e-01
  1.4900000e+01  1.2026505e-01
  1.4910000e+01  1.0870943e-01
  1.4920000e+01  9.7042965e-02
  1.4930000e+01  8.5266799e-02
  1.4940000e+01  7.3382116e-02
  1.4950000e+01  6.1390157e-02
  1.4960000e+01  4.9292208e-02
  1.4970000e+01  3.7089611e-02
  1.4980000e+01  2.4783754e-02
  1.4990000e+01  1.2376078e-02
  1.5000000e+01 -1.3192733e-04
  1.5010000e+01 -1.2738723e-02
  1.5020000e+01 -2.5442719e-02
  1.5030000e+01 -3.8242279e-02
  1.5040000e+01 -5.1135715e-02
  1.5050000e+01 -6.4121291e-02
  1.5060000e+01 -7.7197225e-02
  1.5070000e+01 -9.0361686e-02
  1.5080000e+01 -1.0361279e-01
  1.5090000e+01 -1.1694862e-01
  1.5100000e+01 -1.3036721e-01
  1.5110000e+01 -1.4386652e-01
  1.5120000e+01 -1.5744450e-01
  1.5130000e+01 -1.7109904e-01
  1.5140000e+01 -1.8482799e-01
  1.5150000e+01 -1.9862915e-01
  1.5160000e+01 -2.1250028e-01
  1.5170000e+01 -2.2643910e-01
  1.5180000e+01 -2.4044327e-01
  1.5190000e+01 -2.5451043e-01
  1.5200000e+01 -2.6863818e-01
  1.5210000e+01 -2.8282406e-01
  1.5220000e+01 -2.9706558e-01
  1.5230000e+01 -3.1136022e-01
  1.5240000e+01 -3.2570541e-01
  1.5250000e+01 -3.4009854e-01
  1.5260000e+01 -3.5453697e-01
  1.5270000e+01 -3.6901804e-01
  1.5280000e+01 -3.8353901e-01
  1.5290000e+01 -3.9809714e-01
  1.5300000e+01 -4.1268966e-01
  1.5310000e+01 -4.2731375e-01
  1.5320000e+01 -4.4196655e-01
  1.5330000e+01 -4.5664520e-01
  1.5340000e+01 -4.7134678e-01
  1.5350000e+01 -4.8606835e-01
  1.5360000e+01 -5.0080694e-01
  1.5370000e+01 -5.1555957e-01
  1.5380000e+01 -5.3032320e-01
  1.5390000e+01 -5.4509479e-01
  1.5400000e+01 -5.5987126e-01
  1.5410000e+01 -5.7464951e-01
  1.5420000e+01 -5.8942643e-01
  1.5430000e+01 -6.0419886e-01
  1.5440000e+01 -6.1896365e-01
  1.5450000e+01 -6.3371761e-01
  1.5460000e+01 -6.4845753e-01
  1.5470000e+01 -6.6318019e-01
  1.5480000e+01 -6.7788234e-01
  1.5490000e+01 -6.9256074e-01
  1.5500000e+01 -7.0721211e-01
  1.5510000e+01 -7.2183316e-01
  1.5520000e+01 -7.3642059e-01
  1.5530000e+01 -7.5097109e-01
  1.5540000e+01 -7.6548134e-01
  1.5550000e+01 -7.7994801e-01
  1.5560000e+01 -7.9436775e-01
  1.5570000e+01 -8.0873722e-01
  1.5580000e+01 -8.2305306e-01
  1.5590000e+01 -8.3731191e-01
  1.5600000e+01 -8.5151040e-01
  1.5610000e+01 -8.6564517e-01
  1.5620000e+01 -8.7971284e-01
  1.5630000e+01 -8.9371004e-01
  1.5640000e+01 -9.0763339e-01
  1.5650000e+01 -9.2147954e-01
  1.5660000e+01 -9.3524510e-01
  1.5670000e+01 -9.4892672e-01
  1.5680000e+01 -9.6252103e-01
  1.5690000e+01 -9.7602468e-01
  1.5700000e+01 -9.8943432e-01
  1.5710000e+01 -1.0027466e+00
  1.5720000e+01 -1.0159582e+00
  1.5730000e+01 -1.0290658e+00
  1.5740000e+01 -1.0420661e+00
  1.5750000e+01 -1.0549558e+00
  1.5760000e+01 -1.0677316e+00
  1.5770000e+01 -1.0803902e+00
  1.5780000e+01 -1.0929284e+00
  1.5790000e+01 -1.1053430e+00
  1.5800000e+01 -1.1176307e+00
  1.5810000e+01 -1.1297883e+00
  1.5820000e+01 -1.1418127e+00
  1.5830000e+01 -1.1537006e+00
  1.5840000e+01 -1.1654491e+00
  1.5850000e+01 -1.1770549e+00
  1.5860000e+01 -1.1885149e+00
  1.5870000e+01 -1.1998262e+00
  1.5880000e+01 -1.2109857e+00
  1.5890000e+01 -1.2219903e+00
  1.5900000e+01 -1.2328371e+00
  1.5910000e+01 -1.2435231e+00
  1.5920000e+01 -1.2540455e+00
  1.5930000e+01 -1.2644013e+00
  1.5940000e+01 -1.2745878e+00
  1.5950000e+01 -1.2846020e+00
  1.5960000e+01 -1.2944412e+00
  1.5970000e+01 -1.3041027e+00
  1.5980000e+01 -1.3135837e+00
  1.5990000e+01 -1.3228816e+00
  1.6000000e+01 -1.3319937e+00
  1.6010000e+01 -1.3409175e+00
  1.6020000e+01 -1.3496504e+00
  1.6030000e+01 -1.3581900e+00
  1.6040000e+01 -1.3665336e+00
  1.6050000e+01 -1.3746790e+00
  1.6060000e+01 -1.3826237e+00
  1.6070000e+01 -1.3903654e+00
  1.6080000e+01 -1.3979018e+00
  1.6090000e+01 -1.4052307e+00
  1.6100000e+01 -1.4123499e+00
  1.6110000e+01 -1.4192572e+00
  1.6120000e+01 -1.4259506e+00
  1.6130000e+01 -1.4324280e+00
  1.6140000e+01 -1.4386875e+00
  1.6150000e+01 -1.4447270e+00
  1.6160000e+01 -1.4505447e+00
  1.6170000e+01 -1.4561388e+00
  1.6180000e+01 -1.4615074e+00
  1.6190000e+01 -1.4666489e+00
  1.6200000e+01 -1.4715616e+00
  1.6210000e+01 -1.4762438e+00
  1.6220000e+01 -1.4806941e+00
  1.6230000e+01 -1.4849109e+00
  1.6240000e+01 -1.4888927e+00
  1.6250000e+01 -1.4926382e+00
  1.6260000e+01 -1.4961461e+00
  1.6270000e+01 -1.4994150e+00
  1.6280000e+01 -1.5024438e+00
  1.6290000e+01 -1.5052313e+00
  1.6300000e+01 -1.5077765e+00
  1.6310000e+01 -1.5100783e+00
  1.6320000e+01 -1.5121357e+00
  1.6330000e+01 -1.5139479e+00
  1.6340000e+01 -1.5155139e+00
  1.6350000e+01 -1.5168331e+00
  1.6360000e+01 -1.5179046e+00
  1.6370000e+01 -1.5187279e+00
  1.6380000e+01 -1.5193024e+00
  1.6390000e+01 -1.5196275e+00
  1.6400000e+01 -1.5197028e+00
  1.6410000e+01 -1.5195278e+00
  1.6420000e+01 -1.5191023e+00
  1.6430000e+01 -1.5184259e+00
  1.6440000e+01 -1.5174985e+00
  1.6450000e+01 -1.5163199e+00
  1.6460000e+01 -1.5148900e+00
  1.6470000e+01 -1.5132089e+00
  1.6480000e+01 -1.5112766e+00
  1.6490000e+01 -1.5090931e+00
  1.6500000e+01 -1.5066588e+00
  1.6510000e+01 -1.5039738e+00
  1.6520000e+01 -1.5010385e+00
  1.6530000e+01 -1.4978532e+00
  1.6540000e+01 -1.4944184e+00
  1.6550000e+01 -1.4907346e+00
  1.6560000e+01 -1.4868023e+00
  1.6570000e+01 -1.4826223e+00
  1.6580000e+01 -1.4781952e+00
  1.6590000e+01 -1.4735217e+00
  1.6600000e+01 -1.4686028e+00
  1.6610000e+01 -1.4634392e+00
  1.6620000e+01 -1.4580321e+00
  1.6630000e+01 -1.4523823e+00
  1.6640000e+01 -1.4464910e+00
  1.6650000e+01 -1.4403593e+00
  1.6660000e+01 -1.4339884e+00
  1.6670000e+01 -1.4273797e+00
  1.6680000e+01 -1.4205343e+00
  1.6690000e+01 -1.4134539e+00
  1.6700000e+01 -1.4061397e+00
  1.6710000e+01 -1.3985933e+00
  1.6720000e+01 -1.3908163e+00
  1.6730000e+01 -1.3828103e+00
  1.6740000e+01 -1.3745770e+00
  1.6750000e+01 -1.3661182e+00
  1.6760000e+01 -1.3574356e+00
  1.6770000e+01 -1.3485312e+00
  1.6780000e+01 -1.3394069e+00
  1.6790000e+01 -1.3300646e+00
  1.6800000e+01 -1.3205064e+00
  1.6810000e+01 -1.3107343e+00
  1.6820000e+01 -1.3007506e+00
  1.6830000e+01 -1.2905574e+00
  1.6840000e+01 -1.2801570e+00
  1.6850000e+01 -1.2695516e+00
  1.6860000e+01 -1.2587437e+00
  1.6870000e+01 -1.2477355e+00
  1.6880000e+01 -1.2365297e+00
  1.6890000e+01 -1.2251287e+00
  1.6900000e+01 -1.2135349e+00
  1.6910000e+01 -1.2017512e+00
  1.6920000e+01 -1.1897799e+00
  1.6930000e+01 -1.1776240e+00
  1.6940000e+01 -1.1652861e+00
  1.6950000e+01 -1.1527689e+00
  1.6960000e+01 -1.1400754e+00
  1.6970000e+01 -1.1272083e+00
  1.6980000e+01 -1.1141707e+00
  1.6990000e+01 -1.1009653e+00
  1.7000000e+01 -1.0875952e+00
  1.7010000e+01 -1.0740635e+00
  1.7020000e+01 -1.0603732e+00
  1.7030000e+01 -1.0465274e+00
  1.7040000e+01 -1.0325291e+00
  1.7050000e+01 -1.0183817e+00
  1.7060000e+01 -1.0040883e+00
  1.7070000e+01 -9.8965207e-01
  1.7080000e+01 -9.7507635e-01
  1.7090000e+01 -9.6036440e-01
  1.7100000e+01 -9.4551955e-01
  1.7110000e+01 -9.3054515e-01
  1.7120000e+01 -9.1544459e-01
  1.7130000e+01 -9.0022126e-01
  1.7140000e+01 -8.8487860e-01
  1.7150000e+01 -8.6942004e-01
  1.7160000e+01 -8.5384908e-01
  1.7170000e+01 -8.3816921e-01
  1.7180000e+01 -8.2238393e-01
  1.7190000e+01 -8.0649680e-01
  1.7200000e+01 -7.9051135e-01
  1.7210000e+01 -7.7443117e-01
  1.7220000e+01 -7.5825984e-01
  1.7230000e+01 -7.4200095e-01
  1.7240000e+01 -7.2565813e-01
  1.7250000e+01 -7.0923500e-01
  1.7260000e+01 -6.9273520e-01
  1.7270000e+01 -6.7616237e-01
  1.7280000e+01 -6.5952017e-01
  1.7290000e+01 -6.4281227e-01
  1.7300000e+01 -6.2604234e-01
  1.7310000e+01 -6.0921405e-01
  1.7320000e+01 -5.9233108e-01
  1.7330000e+01 -5.7539712e-01
  1.7340000e+01 -5.5841585e-01
  1.7350000e+01 -5.4139095e-01
  1.7360000e+01 -5.2432612e-01
  1.7370000e+01 -5.0722503e-01
  1.7380000e+01 -4.9009136e-01
  1.7390000e+01 -4.7292879e-01
  1.7400000e+01 -4.5574100e-01
  1.7410000e+01 -4.3853164e-01
  1.7420000e+01 -4.2130438e-01
  1.7430000e+01 -4.0406286e-01
  1.7440000e+01 -3.8681073e-01
  1.7450000e+01 -3.6955160e-01
  1.7460000e+01 -3.5228910e-01
  1.7470000e+01 -3.3502684e-01
  1.7480000e+01 -3.1776839e-01
  1.7490000e+01 -3.0051733e-01
  1.7500000e+01 -2.8327723e-01
  1.7510000e+01 -2.6605162e-01
  1.7520000e+01 -2.4884402e-01
  1.7530000e+01 -2.3165793e-01
  1.7540000e+01 -2.1449684e-01
  1.7550000e+01 -1.9736420e-01
  1.7560000e+01 -1.8026345e-01
  1.7570000e+01 -1.6319800e-01
  1.7580000e+01 -1.4617124e-01
  1.7590000e+01 -1.2918653e-01
  1.7600000e+01 -1.1224721e-01
  1.7610000e+01 -9.5356588e-02
  1.7620000e+01 -7.8517934e-02
  1.7630000e+01 -6.1734500e-02
  1.7640000e+01 -4.5009504e-02
  1.7650000e+01 -2.8346132e-02
  1.7660000e+01 -1.1747537e-02
  1.7670000e+01  4.7831610e-03
  1.7680000e+01  2.1242877e-02
  1.7690000e+01  3.7628560e-02
  1.7700000e+01  5.3937196e-02
  1.7710000e+01  7.0165810e-02
  1.7720000e+01  8.6311460e-02
  1.7730000e+01  1.0237125e-01
  1.7740000e+01  1.1834231e-01
  1.7750000e+01  1.3422183e-01
  1.7760000e+01  1.5000703e-01
  1.7770000e+01  1.6569516e-01
  1.7780000e+01  1.8128354e-01
  1.7790000e+01  1.9676951e-01
  1.7800000e+01  2.1215046e-01
  1.7810000e+01  2.2742382e-01
  1.7820000e+01  2.4258710e-01
  1.7830000e+01  2.5763779e-01
  1.7840000e+01  2.7257350e-01
  1.7850000e+01  2.8739182e-01
  1.7860000e+01  3.0209045e-01
  1.7870000e+01  3.1666708e-01
  1.7880000e+01  3.3111949e-01
  1.7890000e+01  3.4544550e-01
  1.7900000e+01  3.5964296e-01
  1.7910000e+01  3.7370981e-01
  1.7920000e+01  3.8764399e-01
  1.7930000e+01  4.0144355e-01
  1.7940000e+01  4.1510653e-01
  1.7950000e+01  4.2863107e-01
  1.7960000e+01  4.4201535e-01
  1.7970000e+01  4.5525758e-01
  1.7980000e+01  4.6835606e-01
  1.7990000e+01  4.8130911e-01
  1.8000000e+01  4.9411513e-01
  1.8010000e+01  5.0677256e-01
  1.8020000e+01  5.1927990e-01
  1.8030000e+01  5.3163570e-01
  1.8040000e+01  5.4383858e-01
  1.8050000e+01  5.5588718e-01
  1.8060000e+01  5.6778024e-01
  1.8070000e+01  5.7951652e-01
  1.8080000e+01  5.9109485e-01
  1.8090000e+01  6.0251413e-01
  1.8100000e+01  6.1377329e-01
  1.8110000e+01  6.2487133e-01
  1.8120000e+01  6.3580730e-01
  1.8130000e+01  6.4658031e-01
  1.8140000e+01  6.5718954e-01
  1.8150000e+01  6.6763419e-01
  1.8160000e+01  6.7791354e-01
  1.8170000e+01  6.8802694e-01
  1.8180000e+01  6.9797377e-01
  1.8190000e+01  7.0775347e-01
  1.8200000e+01  7.1736555e-01
  1.8210000e+01  7.2680956e-01
  1.8220000e+01  7.3608511e-01
  1.8230000e+01  7.4519187e-01
  1.8240000e+01  7.5412956e-01
  1.8250000e+01  7.6289796e-01
  1.8260000e+01  7.7149690e-01
  1.8270000e+01  7.7992626e-01
  1.8280000e+01  7.8818599e-01
  1.8290000e+01  7.9627607e-01
  1.8300000e+01  8.0419655e-01
  1.8310000e+01  8.1194753e-01
  1.8320000e+01  8.1952916e-01
  1.8330000e+01  8.2694165e-01
  1.8340000e+01  8.3418525e-01
  1.8350000e+01  8.4126026e-01
  1.8360000e+01  8.4816705e-01
  1.8370000e+01  8.5490602e-01
  1.8380000e+01  8.6147764e-01
  1.8390000e+01  8.6788240e-01
  1.8400000e+01  8.7412087e-01
  1.8410000e+01  8.8019365e-01
  1.8420000e+01  8.8610139e-01
  1.8430000e+01  8.9184479e-01
  1.8440000e+01  8.9742461e-01
  1.8450000e+01  9.0284163e-01
  1.8460000e+01  9.0809669e-01
  1.8470000e+01  9.1319068e-01
  1.8480000e+01  9.1812452e-01
  1.8490000e+01  9.2289918e-01
  1.8500000e+01  9.2751569e-01
  1.8510000e+01  9.3197509e-01
  1.8520000e+01  9.3627848e-01
  1.8530000e+01  9.4042700e-01
  1.8540000e+01  9.4442183e-01
  1.8550000e+01  9.4826418e-01
  1.8560000e+01  9.5195532e-01
  1.8570000e+01  9.5549654e-01
  1.8580000e+01  9.5888916e-01
  1.8590000e+01  9.6213456e-01
  1.8600000e+01  9.6523413e-01
  1.8610000e+01  9.6818931e-01
  1.8620000e+01  9.7100158e-01
  1.8630000e+01  9.7367243e-01
  1.8640000e+01  9.7620340e-01
  1.8650000e+01  9.7859605e-01
  1.8660000e+01  9.8085199e-01
  1.8670000e+01  9.8297283e-01
  1.8680000e+01  9.8496023e-01
  1.8690000e+01  9.8681586e-01
  1.8700000e+01  9.8854145e-01
  1.8710000e+01  9.9013871e-01
  1.8720000e+01  9.9160941e-01
  1.8730000e+01  9.9295532e-01
  1.8740000e+01  9.9417826e-01
  1.8750000e+01  9.9528004e-01
  1.8760000e+01  9.9626251e-01
  1.8770000e+01  9.9712755e-01
  1.8780000e+01  9.9787702e-01
  1.8790000e+01  9.9851284e-01
  1.8800000e+01  9.9903693e-01
  1.8810000e+01  9.9945122e-01
  1.8820000e+01  9.9975766e-01
  1.8830000e+01  9.9995821e-01
  1.8840000e+01  1.0000549e+00
  1.8850000e+01  1.0000496e+00
  1.8860000e+01  9.9994441e-01
  1.8870000e+01  9.9974132e-01
  1.8880000e+01  9.9944235e-01
  1.8890000e+01  9.9904952e-01
  1.8900000e+01  9.9856486e-01
  1.8910000e+01  9.9799041e-01
  1.8920000e+01  9.9732823e-01
  1.8930000e+01  9.9658036e-01
  1.8940000e+01  9.9574884e-01
  1.8950000e+01  9.9483575e-01
  1.8960000e+01  9.9384312e-01
  1.8970000e+01  9.9277302e-01
  1.8980000e+01  9.9162750e-01
  1.8990000e+01  9.9040861e-01
  1.9000000e+01  9.8911840e-01
  1.9010000e+01  9.8775891e-01
  1.9020000e+01  9.8633219e-01
  1.9030000e+01  9.8484027e-01
  1.9040000e+01  9.8328517e-01
  1.9050000e+01  9.8166892e-01
  1.9060000e+01  9.7999353e-01
  1.9070000e+01  9.7826100e-01
  1.9080000e+01  9.7647331e-01
  1.9090000e+01  9.7463245e-01
  1.9100000e+01  9.7274038e-01
  1.9110000e+01  9.7079907e-01
  1.9120000e+01  9.6881043e-01
  1.9130000e+01  9.6677641e-01
  1.9140000e+01  9.6469890e-01
  1.9150000e+01  9.6257979e-01
  1.9160000e+01  9.6042097e-01
  1.9170000e+01  9.5822428e-01
  1.9180000e+01  9.5599156e-01
  1.9190000e+01  9.5372462e-01
  1.9200000e+01  9.5142526e-01
  1.9210000e+01  9.4909524e-01
  1.9220000e+01  9.4673632e-01
  1.9230000e+01  9.4435023e-01
  1.9240000e+01  9.4193865e-01
  1.9250000e+01  9.3950327e-01
  1.9260000e+01  9.3704573e-01
  1.9270000e+01  9.3456767e-01
  1.9280000e+01  9.3207068e-01
  1.9290000e+01  9.2955632e-01
  1.9300000e+01  9.2702613e-01
  1.9310000e+01  9.2448163e-01
  1.9320000e+01  9.2192429e-01
  1.9330000e+01  9.1935558e-01
  1.9340000e+01  9.1677689e-01
  1.9350000e+01  9.1418963e-01
  1.9360000e+01  9.1159514e-01
  1.9370000e+01  9.0899475e-01
  1.9380000e+01  9.0638975e-01
  1.9390000e+01  9.0378138e-01
  1.9400000e+01  9.0117088e-01
  1.9410000e+01  8.9855942e-01
  1.9420000e+01  8.9594815e-01
  1.9430000e+01  8.9333819e-01
  1.9440000e+01  8.9073061e-01
  1.9450000e+01  8.8812645e-01
  1.9460000e+01  8.8552672e-01
  1.9470000e+01  8.8293237e-01
  1.9480000e+01  8.8034434e-01
  1.9490000e+01  8.7776351e-01
  1.9500000e+01  8.7519073e-01
  1.9510000e+01  8.7262680e-01
  1.9520000e+01  8.7007252e-01
  1.9530000e+01  8.6752859e-01
  1.9540000e+01  8.6499571e-01
  1.9550000e+01  8.6247454e-01
  1.9560000e+01  8.5996568e-01
  1.9570000e+01  8.5746970e-01
  1.9580000e+01  8.5498713e-01
  1.9590000e+01  8.5251846e-01
  1.9600000e+01  8.5006413e-01
  1.9610000e+01  8.4762456e-01
  1.9620000e+01  8.4520009e-01
  1.9630000e+01  8.4279106e-01
  1.9640000e+01  8.4039775e-01
  1.9650000e+01  8.3802039e-01
  1.9660000e+01  8.3565919e-01
  1.9670000e+01  8.3331429e-01
  1.9680000e+01  8.3098582e-01
  1.9690000e+01  8.2867384e-01
  1.9700000e+01  8.2637839e-01
  1.9710000e+01  8.2409946e-01
  1.9720000e+01  8.2183699e-01
  1.9730000e+01  8.1959090e-01
  1.9740000e+01  8.1736104e-01
  1.9750000e+01  8.1514725e-01
  1.9760000e+01  8.1294931e-01
  1.9770000e+01  8.1076697e-01
  1.9780000e+01  8.0859992e-01
  1.9790000e+01  8.0644783e-01
  1.9800000e+01  8.0431033e-01
  1.9810000e+01  8.0218700e-01
  1.9820000e+01  8.0007739e-01
  1.9830000e+01  7.9798100e-01
  1.9840000e+01  7.9589729e-01
  1.9850000e+01  7.9382571e-01
  1.9860000e+01  7.9176563e-01
  1.9870000e+01  7.8971642e-01
  1.9880000e+01  7.8767740e-01
  1.9890000e+01  7.8564783e-01
  1.9900000e+01  7.8362696e-01
  1.9910000e+01  7.8161401e-01
  1.9920000e+01  7.7960815e-01
  1.9930000e+01  7.7760851e-01
  1.9940000e+01  7.7561420e-01
  1.9950000e+01  7.7362429e-01
  1.9960000e+01  7.7163781e-01
  1.9970000e+01  7.6965377e-01
  1.9980000e+01  7.6767114e-01
  1.9990000e+01  7.6568887e-01
