   1.248742e+00
   1.032645e+00
   3.922907e-01
  -6.460519e-01
  -2.031094e+00
  -3.677719e+00
  -5.459429e+00
  -7.206330e+00
  -8.712967e+00
  -9.758954e+00
  -1.014229e+01
  -9.720933e+00
  -8.453481e+00
  -6.427175e+00
  -3.861625e+00
  -1.081928e+00
   1.536721e+00
   3.641298e+00
   4.971708e+00
   5.410778e+00
   5.000000e+00
   3.918070e+00
   2.430527e+00
   8.265236e-01
  -6.395537e-01
  -1.788048e+00
  -2.529715e+00
  -2.859070e+00
  -2.832753e+00
  -2.542028e+00
  -2.087252e+00
  -1.559109e+00
  -1.028125e+00
  -5.415443e-01
  -1.253530e-01
   2.109501e-01
   4.688079e-01
   6.555378e-01
   7.803370e-01
   8.514756e-01
   8.745360e-01
