 -1.0000000e+00  0.0000000e+00
 -9.9799800e-01  6.4270357e-03
 -9.9599600e-01  1.2515855e-02
 -9.9399399e-01  1.8277356e-02
 -9.9199199e-01  2.3722182e-02
 -9.8998999e-01  2.8860727e-02
 -9.8798799e-01  3.3703141e-02
 -9.8598599e-01  3.8259333e-02
 -9.8398398e-01  4.2538975e-02
 -9.8198198e-01  4.6551507e-02
 -9.7997998e-01  5.0306143e-02
 -9.7797798e-01  5.3811870e-02
 -9.7597598e-01  5.7077456e-02
 -9.7397397e-01  6.0111455e-02
 -9.7197197e-01  6.2922206e-02
 -9.6996997e-01  6.5517842e-02
 -9.6796797e-01  6.7906290e-02
 -9.6596597e-01  7.0095279e-02
 -9.6396396e-01  7.2092337e-02
 -9.6196196e-01  7.3904803e-02
 -9.5995996e-01  7.5539823e-02
 -9.5795796e-01  7.7004360e-02
 -9.5595596e-01  7.8305192e-02
 -9.5395395e-01  7.9448919e-02
 -9.5195195e-01  8.0441966e-02
 -9.4994995e-01  8.1290584e-02
 -9.4794795e-01  8.2000856e-02
 -9.4594595e-01  8.2578700e-02
 -9.4394394e-01  8.3029872e-02
 -9.4194194e-01  8.3359966e-02
 -9.3993994e-01  8.3574423e-02
 -9.3793794e-01  8.3678529e-02
 -9.3593594e-01  8.3677422e-02
 -9.3393393e-01  8.3576091e-02
 -9.3193193e-01  8.3379383e-02
 -9.2992993e-01  8.3092002e-02
 -9.2792793e-01  8.2718516e-02
 -9.2592593e-01  8.2263357e-02
 -9.2392392e-01  8.1730823e-02
 -9.2192192e-01  8.1125085e-02
 -9.1991992e-01  8.0450184e-02
 -9.1791792e-01  7.9710040e-02
 -9.1591592e-01  7.8908449e-02
 -9.1391391e-01  7.8049088e-02
 -9.1191191e-01  7.7135519e-02
 -9.0990991e-01  7.6171188e-02
 -9.0790791e-01  7.5159431e-02
 -9.0590591e-01  7.4103476e-02
 -9.0390390e-01  7.3006441e-02
 -9.0190190e-01  7.1871342e-02
 -8.9989990e-01  7.0701092e-02
 -8.9789790e-01  6.9498507e-02
 -8.9589590e-01  6.8266302e-02
 -8.9389389e-01  6.7007099e-02
 -8.9189189e-01  6.5723426e-02
 -8.8988989e-01  6.4417721e-02
 -8.8788789e-01  6.3092333e-02
 -8.8588589e-01  6.1749524e-02
 -8.8388388e-01  6.0391471e-02
 -8.8188188e-01  5.9020270e-02
 -8.7987988e-01  5.7637936e-02
 -8.7787788e-01  5.6246404e-02
 -8.7587588e-01  5.4847533e-02
 -8.7387387e-01  5.3443109e-02
 -8.7187187e-01  5.2034841e-02
 -8.6986987e-01  5.0624372e-02
 -8.6786787e-01  4.9213271e-02
 -8.6586587e-01  4.7803041e-02
 -8.6386386e-01  4.6395121e-02
 -8.6186186e-01  4.4990884e-02
 -8.5985986e-01  4.3591640e-02
 -8.5785786e-01  4.2198640e-02
 -8.5585586e-01  4.0813074e-02
 -8.5385385e-01  3.9436075e-02
 -8.5185185e-01  3.8068720e-02
 -8.4984985e-01  3.6712032e-02
 -8.4784785e-01  3.5366980e-02
 -8.4584585e-01  3.4034482e-02
 -8.4384384e-01  3.2715405e-02
 -8.4184184e-01  3.1410568e-02
 -8.3983984e-01  3.0120743e-02
 -8.3783784e-01  2.8846656e-02
 -8.3583584e-01  2.7588986e-02
 -8.3383383e-01  2.6348373e-02
 -8.3183183e-01  2.5125411e-02
 -8.2982983e-01  2.3920655e-02
 -8.2782783e-01  2.2734621e-02
 -8.2582583e-01  2.1567785e-02
 -8.2382382e-01  2.0420588e-02
 -8.2182182e-01  1.9293434e-02
 -8.1981982e-01  1.8186690e-02
 -8.1781782e-01  1.7100694e-02
 -8.1581582e-01  1.6035748e-02
 -8.1381381e-01  1.4992123e-02
 -8.1181181e-01  1.3970060e-02
 -8.0980981e-01  1.2969772e-02
 -8.0780781e-01  1.1991440e-02
 -8.0580581e-01  1.1035222e-02
 -8.0380380e-01  1.0101245e-02
 -8.0180180e-01  9.1896153e-03
 -7.9979980e-01  8.3004107e-03
 -7.9779780e-01  7.4336873e-03
 -7.9579580e-01  6.5894781e-03
 -7.9379379e-01  5.7677941e-03
 -7.9179179e-01  4.9686255e-03
 -7.8978979e-01  4.1919421e-03
 -7.8778779e-01  3.4376944e-03
 -7.8578579e-01  2.7058143e-03
 -7.8378378e-01  1.9962158e-03
 -7.8178178e-01  1.3087960e-03
 -7.7977978e-01  6.4343572e-04
 -7.7777778e-01  1.7763568e-15
 -7.7577578e-01  6.2166085e-04
 -7.7377377e-01  1.2217107e-03
 -7.7177177e-01  1.8003271e-03
 -7.6976977e-01  2.3577003e-03
 -7.6776777e-01  2.8940327e-03
 -7.6576577e-01  3.4095385e-03
 -7.6376376e-01  3.9044428e-03
 -7.6176176e-01  4.3789810e-03
 -7.5975976e-01  4.8333984e-03
 -7.5775776e-01  5.2679496e-03
 -7.5575576e-01  5.6828979e-03
 -7.5375375e-01  6.0785145e-03
 -7.5175175e-01  6.4550786e-03
 -7.4974975e-01  6.8128763e-03
 -7.4774775e-01  7.1522006e-03
 -7.4574575e-01  7.4733503e-03
 -7.4374374e-01  7.7766302e-03
 -7.4174174e-01  8.0623504e-03
 -7.3973974e-01  8.3308255e-03
 -7.3773774e-01  8.5823747e-03
 -7.3573574e-01  8.8173211e-03
 -7.3373373e-01  9.0359915e-03
 -7.3173173e-01  9.2387158e-03
 -7.2972973e-01  9.4258266e-03
 -7.2772773e-01  9.5976591e-03
 -7.2572573e-01  9.7545505e-03
 -7.2372372e-01  9.8968397e-03
 -7.2172172e-01  1.0024867e-02
 -7.1971972e-01  1.0138974e-02
 -7.1771772e-01  1.0239503e-02
 -7.1571572e-01  1.0326796e-02
 -7.1371371e-01  1.0401197e-02
 -7.1171171e-01  1.0463048e-02
 -7.0970971e-01  1.0512692e-02
 -7.0770771e-01  1.0550470e-02
 -7.0570571e-01  1.0576723e-02
 -7.0370370e-01  1.0591791e-02
 -7.0170170e-01  1.0596012e-02
 -6.9969970e-01  1.0589724e-02
 -6.9769770e-01  1.0573261e-02
 -6.9569570e-01  1.0546957e-02
 -6.9369369e-01  1.0511141e-02
 -6.9169169e-01  1.0466144e-02
 -6.8968969e-01  1.0412289e-02
 -6.8768769e-01  1.0349902e-02
 -6.8568569e-01  1.0279301e-02
 -6.8368368e-01  1.0200805e-02
 -6.8168168e-01  1.0114727e-02
 -6.7967968e-01  1.0021377e-02
 -6.7767768e-01  9.9210627e-03
 -6.7567568e-01  9.8140879e-03
 -6.7367367e-01  9.7007520e-03
 -6.7167167e-01  9.5813508e-03
 -6.6966967e-01  9.4561762e-03
 -6.6766767e-01  9.3255161e-03
 -6.6566567e-01  9.1896540e-03
 -6.6366366e-01  9.0488693e-03
 -6.6166166e-01  8.9034370e-03
 -6.5965966e-01  8.7536276e-03
 -6.5765766e-01  8.5997072e-03
 -6.5565566e-01  8.4419372e-03
 -6.5365365e-01  8.2805747e-03
 -6.5165165e-01  8.1158716e-03
 -6.4964965e-01  7.9480754e-03
 -6.4764765e-01  7.7774287e-03
 -6.4564565e-01  7.6041693e-03
 -6.4364364e-01  7.4285301e-03
 -6.4164164e-01  7.2507392e-03
 -6.3963964e-01  7.0710195e-03
 -6.3763764e-01  6.8895891e-03
 -6.3563564e-01  6.7066613e-03
 -6.3363363e-01  6.5224441e-03
 -6.3163163e-01  6.3371407e-03
 -6.2962963e-01  6.1509491e-03
 -6.2762763e-01  5.9640624e-03
 -6.2562563e-01  5.7766687e-03
 -6.2362362e-01  5.5889510e-03
 -6.2162162e-01  5.4010873e-03
 -6.1961962e-01  5.2132507e-03
 -6.1761762e-01  5.0256092e-03
 -6.1561562e-01  4.8383258e-03
 -6.1361361e-01  4.6515586e-03
 -6.1161161e-01  4.4654608e-03
 -6.0960961e-01  4.2801806e-03
 -6.0760761e-01  4.0958614e-03
 -6.0560561e-01  3.9126416e-03
 -6.0360360e-01  3.7306549e-03
 -6.0160160e-01  3.5500303e-03
 -5.9959960e-01  3.3708919e-03
 -5.9759760e-01  3.1933590e-03
 -5.9559560e-01  3.0175465e-03
 -5.9359359e-01  2.8435644e-03
 -5.9159159e-01  2.6715184e-03
 -5.8958959e-01  2.5015093e-03
 -5.8758759e-01  2.3336338e-03
 -5.8558559e-01  2.1679839e-03
 -5.8358358e-01  2.0046473e-03
 -5.8158158e-01  1.8437074e-03
 -5.7957958e-01  1.6852433e-03
 -5.7757758e-01  1.5293298e-03
 -5.7557558e-01  1.3760377e-03
 -5.7357357e-01  1.2254336e-03
 -5.7157157e-01  1.0775801e-03
 -5.6956957e-01  9.3253578e-04
 -5.6756757e-01  7.9035534e-04
 -5.6556557e-01  6.5108961e-04
 -5.6356356e-01  5.1478566e-04
 -5.6156156e-01  3.8148683e-04
 -5.5955956e-01  2.5123280e-04
 -5.5755756e-01  1.2405966e-04
 -5.5555556e-01  8.3266727e-16
 -5.5355355e-01  1.2091706e-04
 -5.5155155e-01  2.3866576e-04
 -5.4954955e-01  3.5322366e-04
 -5.4754755e-01  4.6457157e-04
 -5.4554555e-01  5.7269347e-04
 -5.4354354e-01  6.7757642e-04
 -5.4154154e-01  7.7921052e-04
 -5.3953954e-01  8.7758883e-04
 -5.3753754e-01  9.7270730e-04
 -5.3553554e-01  1.0645647e-03
 -5.3353353e-01  1.1531625e-03
 -5.3153153e-01  1.2385049e-03
 -5.2952953e-01  1.3205987e-03
 -5.2752753e-01  1.3994531e-03
 -5.2552553e-01  1.4750799e-03
 -5.2352352e-01  1.5474933e-03
 -5.2152152e-01  1.6167098e-03
 -5.1951952e-01  1.6827479e-03
 -5.1751752e-01  1.7456286e-03
 -5.1551552e-01  1.8053748e-03
 -5.1351351e-01  1.8620116e-03
 -5.1151151e-01  1.9155659e-03
 -5.0950951e-01  1.9660665e-03
 -5.0750751e-01  2.0135441e-03
 -5.0550551e-01  2.0580311e-03
 -5.0350350e-01  2.0995617e-03
 -5.0150150e-01  2.1381716e-03
 -4.9949950e-01  2.1738980e-03
 -4.9749750e-01  2.2067796e-03
 -4.9549550e-01  2.2368568e-03
 -4.9349349e-01  2.2641709e-03
 -4.9149149e-01  2.2887648e-03
 -4.8948949e-01  2.3106826e-03
 -4.8748749e-01  2.3299694e-03
 -4.8548549e-01  2.3466715e-03
 -4.8348348e-01  2.3608362e-03
 -4.8148148e-01  2.3725119e-03
 -4.7947948e-01  2.3817478e-03
 -4.7747748e-01  2.3885938e-03
 -4.7547548e-01  2.3931010e-03
 -4.7347347e-01  2.3953208e-03
 -4.7147147e-01  2.3953056e-03
 -4.6946947e-01  2.3931082e-03
 -4.6746747e-01  2.3887822e-03
 -4.6546547e-01  2.3823814e-03
 -4.6346346e-01  2.3739604e-03
 -4.6146146e-01  2.3635740e-03
 -4.5945946e-01  2.3512773e-03
 -4.5745746e-01  2.3371260e-03
 -4.5545546e-01  2.3211757e-03
 -4.5345345e-01  2.3034824e-03
 -4.5145145e-01  2.2841023e-03
 -4.4944945e-01  2.2630916e-03
 -4.4744745e-01  2.2405065e-03
 -4.4544545e-01  2.2164034e-03
 -4.4344344e-01  2.1908386e-03
 -4.4144144e-01  2.1638684e-03
 -4.3943944e-01  2.1355487e-03
 -4.3743744e-01  2.1059356e-03
 -4.3543544e-01  2.0750849e-03
 -4.3343343e-01  2.0430521e-03
 -4.3143143e-01  2.0098924e-03
 -4.2942943e-01  1.9756609e-03
 -4.2742743e-01  1.9404122e-03
 -4.2542543e-01  1.9042004e-03
 -4.2342342e-01  1.8670796e-03
 -4.2142142e-01  1.8291030e-03
 -4.1941942e-01  1.7903235e-03
 -4.1741742e-01  1.7507937e-03
 -4.1541542e-01  1.7105653e-03
 -4.1341341e-01  1.6696897e-03
 -4.1141141e-01  1.6282177e-03
 -4.0940941e-01  1.5861993e-03
 -4.0740741e-01  1.5436839e-03
 -4.0540541e-01  1.5007204e-03
 -4.0340340e-01  1.4573569e-03
 -4.0140140e-01  1.4136407e-03
 -3.9939940e-01  1.3696185e-03
 -3.9739740e-01  1.3253362e-03
 -3.9539540e-01  1.2808388e-03
 -3.9339339e-01  1.2361707e-03
 -3.9139139e-01  1.1913754e-03
 -3.8938939e-01  1.1464954e-03
 -3.8738739e-01  1.1015727e-03
 -3.8538539e-01  1.0566481e-03
 -3.8338338e-01  1.0117617e-03
 -3.8138138e-01  9.6695261e-04
 -3.7937938e-01  9.2225918e-04
 -3.7737738e-01  8.7771872e-04
 -3.7537538e-01  8.3336763e-04
 -3.7337337e-01  7.8924140e-04
 -3.7137137e-01  7.4537455e-04
 -3.6936937e-01  7.0180066e-04
 -3.6736737e-01  6.5855235e-04
 -3.6536537e-01  6.1566126e-04
 -3.6336336e-01  5.7315807e-04
 -3.6136136e-01  5.3107246e-04
 -3.5935936e-01  4.8943316e-04
 -3.5735736e-01  4.4826788e-04
 -3.5535536e-01  4.0760336e-04
 -3.5335335e-01  3.6746535e-04
 -3.5135135e-01  3.2787860e-04
 -3.4934935e-01  2.8886689e-04
 -3.4734735e-01  2.5045298e-04
 -3.4534535e-01  2.1265866e-04
 -3.4334334e-01  1.7550472e-04
 -3.4134134e-01  1.3901099e-04
 -3.3933934e-01  1.0319628e-04
 -3.3733734e-01  6.8078454e-05
 -3.3533534e-01  3.3674391e-05
 -3.3333333e-01  6.6613381e-16
 -3.3133133e-01  3.2929769e-05
 -3.2932933e-01  6.5100923e-05
 -3.2732733e-01  9.6500419e-05
 -3.2532533e-01  1.2711615e-04
 -3.2332332e-01  1.5693696e-04
 -3.2132132e-01  1.8595258e-04
 -3.1931932e-01  2.1415371e-04
 -3.1731732e-01  2.4153190e-04
 -3.1531532e-01  2.6807965e-04
 -3.1331331e-01  2.9379030e-04
 -3.1131131e-01  3.1865808e-04
 -3.0930931e-01  3.4267809e-04
 -3.0730731e-01  3.6584629e-04
 -3.0530531e-01  3.8815944e-04
 -3.0330330e-01  4.0961516e-04
 -3.0130130e-01  4.3021187e-04
 -2.9929930e-01  4.4994879e-04
 -2.9729730e-01  4.6882593e-04
 -2.9529530e-01  4.8684406e-04
 -2.9329329e-01  5.0400470e-04
 -2.9129129e-01  5.2031014e-04
 -2.8928929e-01  5.3576336e-04
 -2.8728729e-01  5.5036808e-04
 -2.8528529e-01  5.6412870e-04
 -2.8328328e-01  5.7705029e-04
 -2.8128128e-01  5.8913860e-04
 -2.7927928e-01  6.0040001e-04
 -2.7727728e-01  6.1084154e-04
 -2.7527528e-01  6.2047082e-04
 -2.7327327e-01  6.2929607e-04
 -2.7127127e-01  6.3732609e-04
 -2.6926927e-01  6.4457023e-04
 -2.6726727e-01  6.5103840e-04
 -2.6526527e-01  6.5674102e-04
 -2.6326326e-01  6.6168903e-04
 -2.6126126e-01  6.6589384e-04
 -2.5925926e-01  6.6936735e-04
 -2.5725726e-01  6.7212189e-04
 -2.5525526e-01  6.7417026e-04
 -2.5325325e-01  6.7552563e-04
 -2.5125125e-01  6.7620160e-04
 -2.4924925e-01  6.7621214e-04
 -2.4724725e-01  6.7557158e-04
 -2.4524525e-01  6.7429460e-04
 -2.4324324e-01  6.7239618e-04
 -2.4124124e-01  6.6989165e-04
 -2.3923924e-01  6.6679658e-04
 -2.3723724e-01  6.6312683e-04
 -2.3523524e-01  6.5889853e-04
 -2.3323323e-01  6.5412800e-04
 -2.3123123e-01  6.4883183e-04
 -2.2922923e-01  6.4302675e-04
 -2.2722723e-01  6.3672970e-04
 -2.2522523e-01  6.2995779e-04
 -2.2322322e-01  6.2272825e-04
 -2.2122122e-01  6.1505846e-04
 -2.1921922e-01  6.0696589e-04
 -2.1721722e-01  5.9846810e-04
 -2.1521522e-01  5.8958275e-04
 -2.1321321e-01  5.8032753e-04
 -2.1121121e-01  5.7072019e-04
 -2.0920921e-01  5.6077850e-04
 -2.0720721e-01  5.5052023e-04
 -2.0520521e-01  5.3996315e-04
 -2.0320320e-01  5.2912501e-04
 -2.0120120e-01  5.1802351e-04
 -1.9919920e-01  5.0667632e-04
 -1.9719720e-01  4.9510101e-04
 -1.9519520e-01  4.8331508e-04
 -1.9319319e-01  4.7133593e-04
 -1.9119119e-01  4.5918086e-04
 -1.8918919e-01  4.4686701e-04
 -1.8718719e-01  4.3441141e-04
 -1.8518519e-01  4.2183093e-04
 -1.8318318e-01  4.0914225e-04
 -1.8118118e-01  3.9636189e-04
 -1.7917918e-01  3.8350617e-04
 -1.7717718e-01  3.7059120e-04
 -1.7517518e-01  3.5763289e-04
 -1.7317317e-01  3.4464689e-04
 -1.7117117e-01  3.3164863e-04
 -1.6916917e-01  3.1865329e-04
 -1.6716717e-01  3.0567576e-04
 -1.6516517e-01  2.9273070e-04
 -1.6316316e-01  2.7983244e-04
 -1.6116116e-01  2.6699504e-04
 -1.5915916e-01  2.5423227e-04
 -1.5715716e-01  2.4155755e-04
 -1.5515516e-01  2.2898402e-04
 -1.5315315e-01  2.1652447e-04
 -1.5115115e-01  2.0419134e-04
 -1.4914915e-01  1.9199676e-04
 -1.4714715e-01  1.7995248e-04
 -1.4514515e-01  1.6806990e-04
 -1.4314314e-01  1.5636005e-04
 -1.4114114e-01  1.4483360e-04
 -1.3913914e-01  1.3350084e-04
 -1.3713714e-01  1.2237165e-04
 -1.3513514e-01  1.1145557e-04
 -1.3313313e-01  1.0076170e-04
 -1.3113113e-01  9.0298782e-05
 -1.2912913e-01  8.0075127e-05
 -1.2712713e-01  7.0098657e-05
 -1.2512513e-01  6.0376883e-05
 -1.2312312e-01  5.0916904e-05
 -1.2112112e-01  4.1725407e-05
 -1.1911912e-01  3.2808662e-05
 -1.1711712e-01  2.4172523e-05
 -1.1511512e-01  1.5822426e-05
 -1.1311311e-01  7.7633869e-06
 -1.1111111e-01  2.2204460e-16
 -1.0910911e-01  7.4635597e-06
 -1.0710711e-01  1.4623538e-05
 -1.0510511e-01  2.1476601e-05
 -1.0310310e-01  2.8019834e-05
 -1.0110110e-01  3.4250742e-05
 -9.9099099e-02  4.0167245e-05
 -9.7097097e-02  4.5767678e-05
 -9.5095095e-02  5.1050792e-05
 -9.3093093e-02  5.6015746e-05
 -9.1091091e-02  6.0662106e-05
 -8.9089089e-02  6.4989846e-05
 -8.7087087e-02  6.8999339e-05
 -8.5085085e-02  7.2691354e-05
 -8.3083083e-02  7.6067058e-05
 -8.1081081e-02  7.9128003e-05
 -7.9079079e-02  8.1876126e-05
 -7.7077077e-02  8.4313745e-05
 -7.5075075e-02  8.6443551e-05
 -7.3073073e-02  8.8268604e-05
 -7.1071071e-02  8.9792325e-05
 -6.9069069e-02  9.1018494e-05
 -6.7067067e-02  9.1951240e-05
 -6.5065065e-02  9.2595035e-05
 -6.3063063e-02  9.2954687e-05
 -6.1061061e-02  9.3035335e-05
 -5.9059059e-02  9.2842438e-05
 -5.7057057e-02  9.2381772e-05
 -5.5055055e-02  9.1659415e-05
 -5.3053053e-02  9.0681747e-05
 -5.1051051e-02  8.9455436e-05
 -4.9049049e-02  8.7987430e-05
 -4.7047047e-02  8.6284951e-05
 -4.5045045e-02  8.4355483e-05
 -4.3043043e-02  8.2206765e-05
 -4.1041041e-02  7.9846781e-05
 -3.9039039e-02  7.7283748e-05
 -3.7037037e-02  7.4526110e-05
 -3.5035035e-02  7.1582527e-05
 -3.3033033e-02  6.8461862e-05
 -3.1031031e-02  6.5173175e-05
 -2.9029029e-02  6.1725710e-05
 -2.7027027e-02  5.8128886e-05
 -2.5025025e-02  5.4392284e-05
 -2.3023023e-02  5.0525639e-05
 -2.1021021e-02  4.6538827e-05
 -1.9019019e-02  4.2441856e-05
 -1.7017017e-02  3.8244854e-05
 -1.5015015e-02  3.3958057e-05
 -1.3013013e-02  2.9591798e-05
 -1.1011011e-02  2.5156498e-05
 -9.0090090e-03  2.0662651e-05
 -7.0070070e-03  1.6120815e-05
 -5.0050050e-03  1.1541602e-05
 -3.0030030e-03  6.9356602e-06
 -1.0010010e-03  2.3136705e-06
  1.0010010e-03  2.3136705e-06
  3.0030030e-03  6.9356602e-06
  5.0050050e-03  1.1541602e-05
  7.0070070e-03  1.6120815e-05
  9.0090090e-03  2.0662651e-05
  1.1011011e-02  2.5156498e-05
  1.3013013e-02  2.9591798e-05
  1.5015015e-02  3.3958057e-05
  1.7017017e-02  3.8244854e-05
  1.9019019e-02  4.2441856e-05
  2.1021021e-02  4.6538827e-05
  2.3023023e-02  5.0525639e-05
  2.5025025e-02  5.4392284e-05
  2.7027027e-02  5.8128886e-05
  2.9029029e-02  6.1725710e-05
  3.1031031e-02  6.5173175e-05
  3.3033033e-02  6.8461862e-05
  3.5035035e-02  7.1582527e-05
  3.7037037e-02  7.4526110e-05
  3.9039039e-02  7.7283748e-05
  4.1041041e-02  7.9846781e-05
  4.3043043e-02  8.2206765e-05
  4.5045045e-02  8.4355483e-05
  4.7047047e-02  8.6284951e-05
  4.9049049e-02  8.7987430e-05
  5.1051051e-02  8.9455436e-05
  5.3053053e-02  9.0681747e-05
  5.5055055e-02  9.1659415e-05
  5.7057057e-02  9.2381772e-05
  5.9059059e-02  9.2842438e-05
  6.1061061e-02  9.3035335e-05
  6.3063063e-02  9.2954687e-05
  6.5065065e-02  9.2595035e-05
  6.7067067e-02  9.1951240e-05
  6.9069069e-02  9.1018494e-05
  7.1071071e-02  8.9792325e-05
  7.3073073e-02  8.8268604e-05
  7.5075075e-02  8.6443551e-05
  7.7077077e-02  8.4313745e-05
  7.9079079e-02  8.1876126e-05
  8.1081081e-02  7.9128003e-05
  8.3083083e-02  7.6067058e-05
  8.5085085e-02  7.2691354e-05
  8.7087087e-02  6.8999339e-05
  8.9089089e-02  6.4989846e-05
  9.1091091e-02  6.0662106e-05
  9.3093093e-02  5.6015746e-05
  9.5095095e-02  5.1050792e-05
  9.7097097e-02  4.5767678e-05
  9.9099099e-02  4.0167245e-05
  1.0110110e-01  3.4250742e-05
  1.0310310e-01  2.8019834e-05
  1.0510511e-01  2.1476601e-05
  1.0710711e-01  1.4623538e-05
  1.0910911e-01  7.4635597e-06
  1.1111111e-01  0.0000000e+00
  1.1311311e-01  7.7633869e-06
  1.1511512e-01  1.5822426e-05
  1.1711712e-01  2.4172523e-05
  1.1911912e-01  3.2808662e-05
  1.2112112e-01  4.1725407e-05
  1.2312312e-01  5.0916904e-05
  1.2512513e-01  6.0376883e-05
  1.2712713e-01  7.0098657e-05
  1.2912913e-01  8.0075127e-05
  1.3113113e-01  9.0298782e-05
  1.3313313e-01  1.0076170e-04
  1.3513514e-01  1.1145557e-04
  1.3713714e-01  1.2237165e-04
  1.3913914e-01  1.3350084e-04
  1.4114114e-01  1.4483360e-04
  1.4314314e-01  1.5636005e-04
  1.4514515e-01  1.6806990e-04
  1.4714715e-01  1.7995248e-04
  1.4914915e-01  1.9199676e-04
  1.5115115e-01  2.0419134e-04
  1.5315315e-01  2.1652447e-04
  1.5515516e-01  2.2898402e-04
  1.5715716e-01  2.4155755e-04
  1.5915916e-01  2.5423227e-04
  1.6116116e-01  2.6699504e-04
  1.6316316e-01  2.7983244e-04
  1.6516517e-01  2.9273070e-04
  1.6716717e-01  3.0567576e-04
  1.6916917e-01  3.1865329e-04
  1.7117117e-01  3.3164863e-04
  1.7317317e-01  3.4464689e-04
  1.7517518e-01  3.5763289e-04
  1.7717718e-01  3.7059120e-04
  1.7917918e-01  3.8350617e-04
  1.8118118e-01  3.9636189e-04
  1.8318318e-01  4.0914225e-04
  1.8518519e-01  4.2183093e-04
  1.8718719e-01  4.3441141e-04
  1.8918919e-01  4.4686701e-04
  1.9119119e-01  4.5918086e-04
  1.9319319e-01  4.7133593e-04
  1.9519520e-01  4.8331508e-04
  1.9719720e-01  4.9510101e-04
  1.9919920e-01  5.0667632e-04
  2.0120120e-01  5.1802351e-04
  2.0320320e-01  5.2912501e-04
  2.0520521e-01  5.3996315e-04
  2.0720721e-01  5.5052023e-04
  2.0920921e-01  5.6077850e-04
  2.1121121e-01  5.7072019e-04
  2.1321321e-01  5.8032753e-04
  2.1521522e-01  5.8958275e-04
  2.1721722e-01  5.9846810e-04
  2.1921922e-01  6.0696589e-04
  2.2122122e-01  6.1505846e-04
  2.2322322e-01  6.2272825e-04
  2.2522523e-01  6.2995779e-04
  2.2722723e-01  6.3672970e-04
  2.2922923e-01  6.4302675e-04
  2.3123123e-01  6.4883183e-04
  2.3323323e-01  6.5412800e-04
  2.3523524e-01  6.5889853e-04
  2.3723724e-01  6.6312683e-04
  2.3923924e-01  6.6679658e-04
  2.4124124e-01  6.6989165e-04
  2.4324324e-01  6.7239618e-04
  2.4524525e-01  6.7429460e-04
  2.4724725e-01  6.7557158e-04
  2.4924925e-01  6.7621214e-04
  2.5125125e-01  6.7620160e-04
  2.5325325e-01  6.7552563e-04
  2.5525526e-01  6.7417026e-04
  2.5725726e-01  6.7212189e-04
  2.5925926e-01  6.6936735e-04
  2.6126126e-01  6.6589384e-04
  2.6326326e-01  6.6168903e-04
  2.6526527e-01  6.5674102e-04
  2.6726727e-01  6.5103840e-04
  2.6926927e-01  6.4457023e-04
  2.7127127e-01  6.3732609e-04
  2.7327327e-01  6.2929607e-04
  2.7527528e-01  6.2047082e-04
  2.7727728e-01  6.1084154e-04
  2.7927928e-01  6.0040001e-04
  2.8128128e-01  5.8913860e-04
  2.8328328e-01  5.7705029e-04
  2.8528529e-01  5.6412870e-04
  2.8728729e-01  5.5036808e-04
  2.8928929e-01  5.3576336e-04
  2.9129129e-01  5.2031014e-04
  2.9329329e-01  5.0400470e-04
  2.9529530e-01  4.8684406e-04
  2.9729730e-01  4.6882593e-04
  2.9929930e-01  4.4994879e-04
  3.0130130e-01  4.3021187e-04
  3.0330330e-01  4.0961516e-04
  3.0530531e-01  3.8815944e-04
  3.0730731e-01  3.6584629e-04
  3.0930931e-01  3.4267809e-04
  3.1131131e-01  3.1865808e-04
  3.1331331e-01  2.9379030e-04
  3.1531532e-01  2.6807965e-04
  3.1731732e-01  2.4153190e-04
  3.1931932e-01  2.1415371e-04
  3.2132132e-01  1.8595258e-04
  3.2332332e-01  1.5693696e-04
  3.2532533e-01  1.2711615e-04
  3.2732733e-01  9.6500419e-05
  3.2932933e-01  6.5100923e-05
  3.3133133e-01  3.2929769e-05
  3.3333333e-01  3.3306691e-16
  3.3533534e-01  3.3674391e-05
  3.3733734e-01  6.8078454e-05
  3.3933934e-01  1.0319628e-04
  3.4134134e-01  1.3901099e-04
  3.4334334e-01  1.7550472e-04
  3.4534535e-01  2.1265866e-04
  3.4734735e-01  2.5045298e-04
  3.4934935e-01  2.8886689e-04
  3.5135135e-01  3.2787860e-04
  3.5335335e-01  3.6746535e-04
  3.5535536e-01  4.0760336e-04
  3.5735736e-01  4.4826788e-04
  3.5935936e-01  4.8943316e-04
  3.6136136e-01  5.3107246e-04
  3.6336336e-01  5.7315807e-04
  3.6536537e-01  6.1566126e-04
  3.6736737e-01  6.5855235e-04
  3.6936937e-01  7.0180066e-04
  3.7137137e-01  7.4537455e-04
  3.7337337e-01  7.8924140e-04
  3.7537538e-01  8.3336763e-04
  3.7737738e-01  8.7771872e-04
  3.7937938e-01  9.2225918e-04
  3.8138138e-01  9.6695261e-04
  3.8338338e-01  1.0117617e-03
  3.8538539e-01  1.0566481e-03
  3.8738739e-01  1.1015727e-03
  3.8938939e-01  1.1464954e-03
  3.9139139e-01  1.1913754e-03
  3.9339339e-01  1.2361707e-03
  3.9539540e-01  1.2808388e-03
  3.9739740e-01  1.3253362e-03
  3.9939940e-01  1.3696185e-03
  4.0140140e-01  1.4136407e-03
  4.0340340e-01  1.4573569e-03
  4.0540541e-01  1.5007204e-03
  4.0740741e-01  1.5436839e-03
  4.0940941e-01  1.5861993e-03
  4.1141141e-01  1.6282177e-03
  4.1341341e-01  1.6696897e-03
  4.1541542e-01  1.7105653e-03
  4.1741742e-01  1.7507937e-03
  4.1941942e-01  1.7903235e-03
  4.2142142e-01  1.8291030e-03
  4.2342342e-01  1.8670796e-03
  4.2542543e-01  1.9042004e-03
  4.2742743e-01  1.9404122e-03
  4.2942943e-01  1.9756609e-03
  4.3143143e-01  2.0098924e-03
  4.3343343e-01  2.0430521e-03
  4.3543544e-01  2.0750849e-03
  4.3743744e-01  2.1059356e-03
  4.3943944e-01  2.1355487e-03
  4.4144144e-01  2.1638684e-03
  4.4344344e-01  2.1908386e-03
  4.4544545e-01  2.2164034e-03
  4.4744745e-01  2.2405065e-03
  4.4944945e-01  2.2630916e-03
  4.5145145e-01  2.2841023e-03
  4.5345345e-01  2.3034824e-03
  4.5545546e-01  2.3211757e-03
  4.5745746e-01  2.3371260e-03
  4.5945946e-01  2.3512773e-03
  4.6146146e-01  2.3635740e-03
  4.6346346e-01  2.3739604e-03
  4.6546547e-01  2.3823814e-03
  4.6746747e-01  2.3887822e-03
  4.6946947e-01  2.3931082e-03
  4.7147147e-01  2.3953056e-03
  4.7347347e-01  2.3953208e-03
  4.7547548e-01  2.3931010e-03
  4.7747748e-01  2.3885938e-03
  4.7947948e-01  2.3817478e-03
  4.8148148e-01  2.3725119e-03
  4.8348348e-01  2.3608362e-03
  4.8548549e-01  2.3466715e-03
  4.8748749e-01  2.3299694e-03
  4.8948949e-01  2.3106826e-03
  4.9149149e-01  2.2887648e-03
  4.9349349e-01  2.2641709e-03
  4.9549550e-01  2.2368568e-03
  4.9749750e-01  2.2067796e-03
  4.9949950e-01  2.1738980e-03
  5.0150150e-01  2.1381716e-03
  5.0350350e-01  2.0995617e-03
  5.0550551e-01  2.0580311e-03
  5.0750751e-01  2.0135441e-03
  5.0950951e-01  1.9660665e-03
  5.1151151e-01  1.9155659e-03
  5.1351351e-01  1.8620116e-03
  5.1551552e-01  1.8053748e-03
  5.1751752e-01  1.7456286e-03
  5.1951952e-01  1.6827479e-03
  5.2152152e-01  1.6167098e-03
  5.2352352e-01  1.5474933e-03
  5.2552553e-01  1.4750799e-03
  5.2752753e-01  1.3994531e-03
  5.2952953e-01  1.3205987e-03
  5.3153153e-01  1.2385049e-03
  5.3353353e-01  1.1531625e-03
  5.3553554e-01  1.0645647e-03
  5.3753754e-01  9.7270730e-04
  5.3953954e-01  8.7758883e-04
  5.4154154e-01  7.7921052e-04
  5.4354354e-01  6.7757642e-04
  5.4554555e-01  5.7269347e-04
  5.4754755e-01  4.6457157e-04
  5.4954955e-01  3.5322366e-04
  5.5155155e-01  2.3866576e-04
  5.5355355e-01  1.2091706e-04
  5.5555556e-01  5.5511151e-16
  5.5755756e-01  1.2405966e-04
  5.5955956e-01  2.5123280e-04
  5.6156156e-01  3.8148683e-04
  5.6356356e-01  5.1478566e-04
  5.6556557e-01  6.5108961e-04
  5.6756757e-01  7.9035534e-04
  5.6956957e-01  9.3253578e-04
  5.7157157e-01  1.0775801e-03
  5.7357357e-01  1.2254336e-03
  5.7557558e-01  1.3760377e-03
  5.7757758e-01  1.5293298e-03
  5.7957958e-01  1.6852433e-03
  5.8158158e-01  1.8437074e-03
  5.8358358e-01  2.0046473e-03
  5.8558559e-01  2.1679839e-03
  5.8758759e-01  2.3336338e-03
  5.8958959e-01  2.5015093e-03
  5.9159159e-01  2.6715184e-03
  5.9359359e-01  2.8435644e-03
  5.9559560e-01  3.0175465e-03
  5.9759760e-01  3.1933590e-03
  5.9959960e-01  3.3708919e-03
  6.0160160e-01  3.5500303e-03
  6.0360360e-01  3.7306549e-03
  6.0560561e-01  3.9126416e-03
  6.0760761e-01  4.0958614e-03
  6.0960961e-01  4.2801806e-03
  6.1161161e-01  4.4654608e-03
  6.1361361e-01  4.6515586e-03
  6.1561562e-01  4.8383258e-03
  6.1761762e-01  5.0256092e-03
  6.1961962e-01  5.2132507e-03
  6.2162162e-01  5.4010873e-03
  6.2362362e-01  5.5889510e-03
  6.2562563e-01  5.7766687e-03
  6.2762763e-01  5.9640624e-03
  6.2962963e-01  6.1509491e-03
  6.3163163e-01  6.3371407e-03
  6.3363363e-01  6.5224441e-03
  6.3563564e-01  6.7066613e-03
  6.3763764e-01  6.8895891e-03
  6.3963964e-01  7.0710195e-03
  6.4164164e-01  7.2507392e-03
  6.4364364e-01  7.4285301e-03
  6.4564565e-01  7.6041693e-03
  6.4764765e-01  7.7774287e-03
  6.4964965e-01  7.9480754e-03
  6.5165165e-01  8.1158716e-03
  6.5365365e-01  8.2805747e-03
  6.5565566e-01  8.4419372e-03
  6.5765766e-01  8.5997072e-03
  6.5965966e-01  8.7536276e-03
  6.6166166e-01  8.9034370e-03
  6.6366366e-01  9.0488693e-03
  6.6566567e-01  9.1896540e-03
  6.6766767e-01  9.3255161e-03
  6.6966967e-01  9.4561762e-03
  6.7167167e-01  9.5813508e-03
  6.7367367e-01  9.7007520e-03
  6.7567568e-01  9.8140879e-03
  6.7767768e-01  9.9210627e-03
  6.7967968e-01  1.0021377e-02
  6.8168168e-01  1.0114727e-02
  6.8368368e-01  1.0200805e-02
  6.8568569e-01  1.0279301e-02
  6.8768769e-01  1.0349902e-02
  6.8968969e-01  1.0412289e-02
  6.9169169e-01  1.0466144e-02
  6.9369369e-01  1.0511141e-02
  6.9569570e-01  1.0546957e-02
  6.9769770e-01  1.0573261e-02
  6.9969970e-01  1.0589724e-02
  7.0170170e-01  1.0596012e-02
  7.0370370e-01  1.0591791e-02
  7.0570571e-01  1.0576723e-02
  7.0770771e-01  1.0550470e-02
  7.0970971e-01  1.0512692e-02
  7.1171171e-01  1.0463048e-02
  7.1371371e-01  1.0401197e-02
  7.1571572e-01  1.0326796e-02
  7.1771772e-01  1.0239503e-02
  7.1971972e-01  1.0138974e-02
  7.2172172e-01  1.0024867e-02
  7.2372372e-01  9.8968397e-03
  7.2572573e-01  9.7545505e-03
  7.2772773e-01  9.5976591e-03
  7.2972973e-01  9.4258266e-03
  7.3173173e-01  9.2387158e-03
  7.3373373e-01  9.0359915e-03
  7.3573574e-01  8.8173211e-03
  7.3773774e-01  8.5823747e-03
  7.3973974e-01  8.3308255e-03
  7.4174174e-01  8.0623504e-03
  7.4374374e-01  7.7766302e-03
  7.4574575e-01  7.4733503e-03
  7.4774775e-01  7.1522006e-03
  7.4974975e-01  6.8128763e-03
  7.5175175e-01  6.4550786e-03
  7.5375375e-01  6.0785145e-03
  7.5575576e-01  5.6828979e-03
  7.5775776e-01  5.2679496e-03
  7.5975976e-01  4.8333984e-03
  7.6176176e-01  4.3789810e-03
  7.6376376e-01  3.9044428e-03
  7.6576577e-01  3.4095385e-03
  7.6776777e-01  2.8940327e-03
  7.6976977e-01  2.3577003e-03
  7.7177177e-01  1.8003271e-03
  7.7377377e-01  1.2217107e-03
  7.7577578e-01  6.2166085e-04
  7.7777778e-01  4.5519144e-15
  7.7977978e-01  6.4343572e-04
  7.8178178e-01  1.3087960e-03
  7.8378378e-01  1.9962158e-03
  7.8578579e-01  2.7058143e-03
  7.8778779e-01  3.4376944e-03
  7.8978979e-01  4.1919421e-03
  7.9179179e-01  4.9686255e-03
  7.9379379e-01  5.7677941e-03
  7.9579580e-01  6.5894781e-03
  7.9779780e-01  7.4336873e-03
  7.9979980e-01  8.3004107e-03
  8.0180180e-01  9.1896153e-03
  8.0380380e-01  1.0101245e-02
  8.0580581e-01  1.1035222e-02
  8.0780781e-01  1.1991440e-02
  8.0980981e-01  1.2969772e-02
  8.1181181e-01  1.3970060e-02
  8.1381381e-01  1.4992123e-02
  8.1581582e-01  1.6035748e-02
  8.1781782e-01  1.7100694e-02
  8.1981982e-01  1.8186690e-02
  8.2182182e-01  1.9293434e-02
  8.2382382e-01  2.0420588e-02
  8.2582583e-01  2.1567785e-02
  8.2782783e-01  2.2734621e-02
  8.2982983e-01  2.3920655e-02
  8.3183183e-01  2.5125411e-02
  8.3383383e-01  2.6348373e-02
  8.3583584e-01  2.7588986e-02
  8.3783784e-01  2.8846656e-02
  8.3983984e-01  3.0120743e-02
  8.4184184e-01  3.1410568e-02
  8.4384384e-01  3.2715405e-02
  8.4584585e-01  3.4034482e-02
  8.4784785e-01  3.5366980e-02
  8.4984985e-01  3.6712032e-02
  8.5185185e-01  3.8068720e-02
  8.5385385e-01  3.9436075e-02
  8.5585586e-01  4.0813074e-02
  8.5785786e-01  4.2198640e-02
  8.5985986e-01  4.3591640e-02
  8.6186186e-01  4.4990884e-02
  8.6386386e-01  4.6395121e-02
  8.6586587e-01  4.7803041e-02
  8.6786787e-01  4.9213271e-02
  8.6986987e-01  5.0624372e-02
  8.7187187e-01  5.2034841e-02
  8.7387387e-01  5.3443109e-02
  8.7587588e-01  5.4847533e-02
  8.7787788e-01  5.6246404e-02
  8.7987988e-01  5.7637936e-02
  8.8188188e-01  5.9020270e-02
  8.8388388e-01  6.0391471e-02
  8.8588589e-01  6.1749524e-02
  8.8788789e-01  6.3092333e-02
  8.8988989e-01  6.4417721e-02
  8.9189189e-01  6.5723426e-02
  8.9389389e-01  6.7007099e-02
  8.9589590e-01  6.8266302e-02
  8.9789790e-01  6.9498507e-02
  8.9989990e-01  7.0701092e-02
  9.0190190e-01  7.1871342e-02
  9.0390390e-01  7.3006441e-02
  9.0590591e-01  7.4103476e-02
  9.0790791e-01  7.5159431e-02
  9.0990991e-01  7.6171188e-02
  9.1191191e-01  7.7135519e-02
  9.1391391e-01  7.8049088e-02
  9.1591592e-01  7.8908449e-02
  9.1791792e-01  7.9710040e-02
  9.1991992e-01  8.0450184e-02
  9.2192192e-01  8.1125085e-02
  9.2392392e-01  8.1730823e-02
  9.2592593e-01  8.2263357e-02
  9.2792793e-01  8.2718516e-02
  9.2992993e-01  8.3092002e-02
  9.3193193e-01  8.3379383e-02
  9.3393393e-01  8.3576091e-02
  9.3593594e-01  8.3677422e-02
  9.3793794e-01  8.3678529e-02
  9.3993994e-01  8.3574423e-02
  9.4194194e-01  8.3359966e-02
  9.4394394e-01  8.3029872e-02
  9.4594595e-01  8.2578700e-02
  9.4794795e-01  8.2000856e-02
  9.4994995e-01  8.1290584e-02
  9.5195195e-01  8.0441966e-02
  9.5395395e-01  7.9448919e-02
  9.5595596e-01  7.8305192e-02
  9.5795796e-01  7.7004360e-02
  9.5995996e-01  7.5539823e-02
  9.6196196e-01  7.3904803e-02
  9.6396396e-01  7.2092337e-02
  9.6596597e-01  7.0095279e-02
  9.6796797e-01  6.7906290e-02
  9.6996997e-01  6.5517842e-02
  9.7197197e-01  6.2922206e-02
  9.7397397e-01  6.0111455e-02
  9.7597598e-01  5.7077456e-02
  9.7797798e-01  5.3811870e-02
  9.7997998e-01  5.0306143e-02
  9.8198198e-01  4.6551507e-02
  9.8398398e-01  4.2538975e-02
  9.8598599e-01  3.8259333e-02
  9.8798799e-01  3.3703141e-02
  9.8998999e-01  2.8860727e-02
  9.9199199e-01  2.3722182e-02
  9.9399399e-01  1.8277356e-02
  9.9599600e-01  1.2515855e-02
  9.9799800e-01  6.4270357e-03
  1.0000000e+00  0.0000000e+00
