 -1.0000000e+00  2.3102833e-03
 -9.9799800e-01  1.3475700e+00
 -9.9599600e-01  2.4977926e+00
 -9.9399399e-01  3.4718056e+00
 -9.9199199e-01  4.2869999e+00
 -9.8998999e-01  4.9594220e+00
 -9.8798799e-01  5.5038604e+00
 -9.8598599e-01  5.9339278e+00
 -9.8398398e-01  6.2621386e+00
 -9.8198198e-01  6.4999822e+00
 -9.7997998e-01  6.6579915e+00
 -9.7797798e-01  6.7458079e+00
 -9.7597598e-01  6.7722430e+00
 -9.7397397e-01  6.7453357e+00
 -9.7197197e-01  6.6724069e+00
 -9.6996997e-01  6.5601102e+00
 -9.6796797e-01  6.4144802e+00
 -9.6596597e-01  6.2409775e+00
 -9.6396396e-01  6.0445310e+00
 -9.6196196e-01  5.8295778e+00
 -9.5995996e-01  5.6001005e+00
 -9.5795796e-01  5.3596622e+00
 -9.5595596e-01  5.1114390e+00
 -9.5395395e-01  4.8582512e+00
 -9.5195195e-01  4.6025915e+00
 -9.4994995e-01  4.3466522e+00
 -9.4794795e-01  4.0923500e+00
 -9.4594595e-01  3.8413495e+00
 -9.4394394e-01  3.5950853e+00
 -9.4194194e-01  3.3547818e+00
 -9.3993994e-01  3.1214726e+00
 -9.3793794e-01  2.8960179e+00
 -9.3593594e-01  2.6791208e+00
 -9.3393393e-01  2.4713427e+00
 -9.3193193e-01  2.2731175e+00
 -9.2992993e-01  2.0847641e+00
 -9.2792793e-01  1.9064990e+00
 -9.2592593e-01  1.7384474e+00
 -9.2392392e-01  1.5806533e+00
 -9.2192192e-01  1.4330891e+00
 -9.1991992e-01  1.2956642e+00
 -9.1791792e-01  1.1682335e+00
 -9.1591592e-01  1.0506040e+00
 -9.1391391e-01  9.4254222e-01
 -9.1191191e-01  8.4378010e-01
 -9.0990991e-01  7.5402054e-01
 -9.0790791e-01  6.7294263e-01
 -9.0590591e-01  6.0020625e-01
 -9.0390390e-01  5.3545629e-01
 -9.0190190e-01  4.7832642e-01
 -8.9989990e-01  4.2844254e-01
 -8.9789790e-01  3.8542582e-01
 -8.9589590e-01  3.4889542e-01
 -8.9389389e-01  3.1847097e-01
 -8.9189189e-01  2.9377470e-01
 -8.8988989e-01  2.7443330e-01
 -8.8788789e-01  2.6007964e-01
 -8.8588589e-01  2.5035418e-01
 -8.8388388e-01  2.4490618e-01
 -8.8188188e-01  2.4339481e-01
 -8.7987988e-01  2.4548998e-01
 -8.7787788e-01  2.5087309e-01
 -8.7587588e-01  2.5923762e-01
 -8.7387387e-01  2.7028956e-01
 -8.7187187e-01  2.8374781e-01
 -8.6986987e-01  2.9934435e-01
 -8.6786787e-01  3.1682443e-01
 -8.6586587e-01  3.3594659e-01
 -8.6386386e-01  3.5648267e-01
 -8.6186186e-01  3.7821771e-01
 -8.5985986e-01  4.0094980e-01
 -8.5785786e-01  4.2448989e-01
 -8.5585586e-01  4.4866152e-01
 -8.5385385e-01  4.7330056e-01
 -8.5185185e-01  4.9825486e-01
 -8.4984985e-01  5.2338393e-01
 -8.4784785e-01  5.4855855e-01
 -8.4584585e-01  5.7366035e-01
 -8.4384384e-01  5.9858143e-01
 -8.4184184e-01  6.2322394e-01
 -8.3983984e-01  6.4749961e-01
 -8.3783784e-01  6.7132934e-01
 -8.3583584e-01  6.9464273e-01
 -8.3383383e-01  7.1737768e-01
 -8.3183183e-01  7.3947990e-01
 -8.2982983e-01  7.6090250e-01
 -8.2782783e-01  7.8160552e-01
 -8.2582583e-01  8.0155556e-01
 -8.2382382e-01  8.2072529e-01
 -8.2182182e-01  8.3909311e-01
 -8.1981982e-01  8.5664268e-01
 -8.1781782e-01  8.7336258e-01
 -8.1581582e-01  8.8924593e-01
 -8.1381381e-01  9.0428998e-01
 -8.1181181e-01  9.1849580e-01
 -8.0980981e-01  9.3186795e-01
 -8.0780781e-01  9.4441412e-01
 -8.0580581e-01  9.5614482e-01
 -8.0380380e-01  9.6707313e-01
 -8.0180180e-01  9.7721435e-01
 -7.9979980e-01  9.8658581e-01
 -7.9779780e-01  9.9520653e-01
 -7.9579580e-01  1.0030971e+00
 -7.9379379e-01  1.0102792e+00
 -7.9179179e-01  1.0167758e+00
 -7.8978979e-01  1.0226105e+00
 -7.8778779e-01  1.0278078e+00
 -7.8578579e-01  1.0323926e+00
 -7.8378378e-01  1.0363899e+00
 -7.8178178e-01  1.0398253e+00
 -7.7977978e-01  1.0427242e+00
 -7.7777778e-01  1.0451120e+00
 -7.7577578e-01  1.0470138e+00
 -7.7377377e-01  1.0484545e+00
 -7.7177177e-01  1.0494586e+00
 -7.6976977e-01  1.0500502e+00
 -7.6776777e-01  1.0502526e+00
 -7.6576577e-01  1.0500888e+00
 -7.6376376e-01  1.0495810e+00
 -7.6176176e-01  1.0487505e+00
 -7.5975976e-01  1.0476180e+00
 -7.5775776e-01  1.0462034e+00
 -7.5575576e-01  1.0445257e+00
 -7.5375375e-01  1.0426032e+00
 -7.5175175e-01  1.0404530e+00
 -7.4974975e-01  1.0380916e+00
 -7.4774775e-01  1.0355344e+00
 -7.4574575e-01  1.0327961e+00
 -7.4374374e-01  1.0298904e+00
 -7.4174174e-01  1.0268300e+00
 -7.3973974e-01  1.0236269e+00
 -7.3773774e-01  1.0202921e+00
 -7.3573574e-01  1.0168357e+00
 -7.3373373e-01  1.0132672e+00
 -7.3173173e-01  1.0095951e+00
 -7.2972973e-01  1.0058270e+00
 -7.2772773e-01  1.0019699e+00
 -7.2572573e-01  9.9803008e-01
 -7.2372372e-01  9.9401296e-01
 -7.2172172e-01  9.8992336e-01
 -7.1971972e-01  9.8576542e-01
 -7.1771772e-01  9.8154264e-01
 -7.1571572e-01  9.7725794e-01
 -7.1371371e-01  9.7291366e-01
 -7.1171171e-01  9.6851160e-01
 -7.0970971e-01  9.6405308e-01
 -7.0770771e-01  9.5953892e-01
 -7.0570571e-01  9.5496953e-01
 -7.0370370e-01  9.5034489e-01
 -7.0170170e-01  9.4566461e-01
 -6.9969970e-01  9.4092795e-01
 -6.9769770e-01  9.3613387e-01
 -6.9569570e-01  9.3128103e-01
 -6.9369369e-01  9.2636784e-01
 -6.9169169e-01  9.2139246e-01
 -6.8968969e-01  9.1635287e-01
 -6.8768769e-01  9.1124687e-01
 -6.8568569e-01  9.0607211e-01
 -6.8368368e-01  9.0082609e-01
 -6.8168168e-01  8.9550625e-01
 -6.7967968e-01  8.9010990e-01
 -6.7767768e-01  8.8463433e-01
 -6.7567568e-01  8.7907676e-01
 -6.7367367e-01  8.7343442e-01
 -6.7167167e-01  8.6770450e-01
 -6.6966967e-01  8.6188425e-01
 -6.6766767e-01  8.5597090e-01
 -6.6566567e-01  8.4996177e-01
 -6.6366366e-01  8.4385420e-01
 -6.6166166e-01  8.3764564e-01
 -6.5965966e-01  8.3133358e-01
 -6.5765766e-01  8.2491565e-01
 -6.5565566e-01  8.1838955e-01
 -6.5365365e-01  8.1175310e-01
 -6.5165165e-01  8.0500426e-01
 -6.4964965e-01  7.9814108e-01
 -6.4764765e-01  7.9116178e-01
 -6.4564565e-01  7.8406470e-01
 -6.4364364e-01  7.7684832e-01
 -6.4164164e-01  7.6951128e-01
 -6.3963964e-01  7.6205236e-01
 -6.3763764e-01  7.5447050e-01
 -6.3563564e-01  7.4676479e-01
 -6.3363363e-01  7.3893447e-01
 -6.3163163e-01  7.3097894e-01
 -6.2962963e-01  7.2289775e-01
 -6.2762763e-01  7.1469062e-01
 -6.2562563e-01  7.0635739e-01
 -6.2362362e-01  6.9789809e-01
 -6.2162162e-01  6.8931287e-01
 -6.1961962e-01  6.8060204e-01
 -6.1761762e-01  6.7176605e-01
 -6.1561562e-01  6.6280549e-01
 -6.1361361e-01  6.5372108e-01
 -6.1161161e-01  6.4451369e-01
 -6.0960961e-01  6.3518430e-01
 -6.0760761e-01  6.2573402e-01
 -6.0560561e-01  6.1616409e-01
 -6.0360360e-01  6.0647585e-01
 -6.0160160e-01  5.9667077e-01
 -5.9959960e-01  5.8675039e-01
 -5.9759760e-01  5.7671639e-01
 -5.9559560e-01  5.6657053e-01
 -5.9359359e-01  5.5631466e-01
 -5.9159159e-01  5.4595071e-01
 -5.8958959e-01  5.3548069e-01
 -5.8758759e-01  5.2490670e-01
 -5.8558559e-01  5.1423090e-01
 -5.8358358e-01  5.0345551e-01
 -5.8158158e-01  4.9258281e-01
 -5.7957958e-01  4.8161516e-01
 -5.7757758e-01  4.7055494e-01
 -5.7557558e-01  4.5940459e-01
 -5.7357357e-01  4.4816658e-01
 -5.7157157e-01  4.3684344e-01
 -5.6956957e-01  4.2543770e-01
 -5.6756757e-01  4.1395195e-01
 -5.6556557e-01  4.0238879e-01
 -5.6356356e-01  3.9075082e-01
 -5.6156156e-01  3.7904070e-01
 -5.5955956e-01  3.6726107e-01
 -5.5755756e-01  3.5541458e-01
 -5.5555556e-01  3.4350391e-01
 -5.5355355e-01  3.3153171e-01
 -5.5155155e-01  3.1950067e-01
 -5.4954955e-01  3.0741343e-01
 -5.4754755e-01  2.9527267e-01
 -5.4554555e-01  2.8308104e-01
 -5.4354354e-01  2.7084117e-01
 -5.4154154e-01  2.5855570e-01
 -5.3953954e-01  2.4622724e-01
 -5.3753754e-01  2.3385840e-01
 -5.3553554e-01  2.2145175e-01
 -5.3353353e-01  2.0900986e-01
 -5.3153153e-01  1.9653528e-01
 -5.2952953e-01  1.8403052e-01
 -5.2752753e-01  1.7149809e-01
 -5.2552553e-01  1.5894047e-01
 -5.2352352e-01  1.4636010e-01
 -5.2152152e-01  1.3375942e-01
 -5.1951952e-01  1.2114082e-01
 -5.1751752e-01  1.0850669e-01
 -5.1551552e-01  9.5859381e-02
 -5.1351351e-01  8.3201211e-02
 -5.1151151e-01  7.0534482e-02
 -5.0950951e-01  5.7861468e-02
 -5.0750751e-01  4.5184417e-02
 -5.0550551e-01  3.2505549e-02
 -5.0350350e-01  1.9827060e-02
 -5.0150150e-01  7.1511210e-03
 -4.9949950e-01 -5.5201226e-03
 -4.9749750e-01 -1.8184550e-02
 -4.9549550e-01 -3.0840063e-02
 -4.9349349e-01 -4.3484589e-02
 -4.9149149e-01 -5.6116077e-02
 -4.8948949e-01 -6.8732498e-02
 -4.8748749e-01 -8.1331845e-02
 -4.8548549e-01 -9.3912132e-02
 -4.8348348e-01 -1.0647139e-01
 -4.8148148e-01 -1.1900768e-01
 -4.7947948e-01 -1.3151907e-01
 -4.7747748e-01 -1.4400365e-01
 -4.7547548e-01 -1.5645953e-01
 -4.7347347e-01 -1.6888483e-01
 -4.7147147e-01 -1.8127770e-01
 -4.6946947e-01 -1.9363628e-01
 -4.6746747e-01 -2.0595876e-01
 -4.6546547e-01 -2.1824331e-01
 -4.6346346e-01 -2.3048813e-01
 -4.6146146e-01 -2.4269143e-01
 -4.5945946e-01 -2.5485143e-01
 -4.5745746e-01 -2.6696638e-01
 -4.5545546e-01 -2.7903450e-01
 -4.5345345e-01 -2.9105406e-01
 -4.5145145e-01 -3.0302332e-01
 -4.4944945e-01 -3.1494055e-01
 -4.4744745e-01 -3.2680404e-01
 -4.4544545e-01 -3.3861208e-01
 -4.4344344e-01 -3.5036296e-01
 -4.4144144e-01 -3.6205500e-01
 -4.3943944e-01 -3.7368651e-01
 -4.3743744e-01 -3.8525580e-01
 -4.3543544e-01 -3.9676122e-01
 -4.3343343e-01 -4.0820110e-01
 -4.3143143e-01 -4.1957378e-01
 -4.2942943e-01 -4.3087761e-01
 -4.2742743e-01 -4.4211095e-01
 -4.2542543e-01 -4.5327216e-01
 -4.2342342e-01 -4.6435962e-01
 -4.2142142e-01 -4.7537170e-01
 -4.1941942e-01 -4.8630679e-01
 -4.1741742e-01 -4.9716328e-01
 -4.1541542e-01 -5.0793956e-01
 -4.1341341e-01 -5.1863406e-01
 -4.1141141e-01 -5.2924518e-01
 -4.0940941e-01 -5.3977135e-01
 -4.0740741e-01 -5.5021100e-01
 -4.0540541e-01 -5.6056256e-01
 -4.0340340e-01 -5.7082450e-01
 -4.0140140e-01 -5.8099527e-01
 -3.9939940e-01 -5.9107334e-01
 -3.9739740e-01 -6.0105718e-01
 -3.9539540e-01 -6.1094530e-01
 -3.9339339e-01 -6.2073619e-01
 -3.9139139e-01 -6.3042837e-01
 -3.8938939e-01 -6.4002036e-01
 -3.8738739e-01 -6.4951069e-01
 -3.8538539e-01 -6.5889794e-01
 -3.8338338e-01 -6.6818065e-01
 -3.8138138e-01 -6.7735741e-01
 -3.7937938e-01 -6.8642681e-01
 -3.7737738e-01 -6.9538746e-01
 -3.7537538e-01 -7.0423800e-01
 -3.7337337e-01 -7.1297705e-01
 -3.7137137e-01 -7.2160328e-01
 -3.6936937e-01 -7.3011537e-01
 -3.6736737e-01 -7.3851201e-01
 -3.6536537e-01 -7.4679191e-01
 -3.6336336e-01 -7.5495379e-01
 -3.6136136e-01 -7.6299643e-01
 -3.5935936e-01 -7.7091857e-01
 -3.5735736e-01 -7.7871901e-01
 -3.5535536e-01 -7.8639657e-01
 -3.5335335e-01 -7.9395007e-01
 -3.5135135e-01 -8.0137836e-01
 -3.4934935e-01 -8.0868033e-01
 -3.4734735e-01 -8.1585487e-01
 -3.4534535e-01 -8.2290089e-01
 -3.4334334e-01 -8.2981735e-01
 -3.4134134e-01 -8.3660320e-01
 -3.3933934e-01 -8.4325743e-01
 -3.3733734e-01 -8.4977906e-01
 -3.3533534e-01 -8.5616712e-01
 -3.3333333e-01 -8.6242067e-01
 -3.3133133e-01 -8.6853880e-01
 -3.2932933e-01 -8.7452061e-01
 -3.2732733e-01 -8.8036525e-01
 -3.2532533e-01 -8.8607186e-01
 -3.2332332e-01 -8.9163963e-01
 -3.2132132e-01 -8.9706777e-01
 -3.1931932e-01 -9.0235551e-01
 -3.1731732e-01 -9.0750210e-01
 -3.1531532e-01 -9.1250684e-01
 -3.1331331e-01 -9.1736903e-01
 -3.1131131e-01 -9.2208800e-01
 -3.0930931e-01 -9.2666310e-01
 -3.0730731e-01 -9.3109373e-01
 -3.0530531e-01 -9.3537928e-01
 -3.0330330e-01 -9.3951919e-01
 -3.0130130e-01 -9.4351291e-01
 -2.9929930e-01 -9.4735992e-01
 -2.9729730e-01 -9.5105973e-01
 -2.9529530e-01 -9.5461187e-01
 -2.9329329e-01 -9.5801588e-01
 -2.9129129e-01 -9.6127134e-01
 -2.8928929e-01 -9.6437784e-01
 -2.8728729e-01 -9.6733502e-01
 -2.8528529e-01 -9.7014251e-01
 -2.8328328e-01 -9.7279998e-01
 -2.8128128e-01 -9.7530711e-01
 -2.7927928e-01 -9.7766362e-01
 -2.7727728e-01 -9.7986924e-01
 -2.7527528e-01 -9.8192372e-01
 -2.7327327e-01 -9.8382684e-01
 -2.7127127e-01 -9.8557839e-01
 -2.6926927e-01 -9.8717819e-01
 -2.6726727e-01 -9.8862606e-01
 -2.6526527e-01 -9.8992188e-01
 -2.6326326e-01 -9.9106550e-01
 -2.6126126e-01 -9.9205684e-01
 -2.5925926e-01 -9.9289579e-01
 -2.5725726e-01 -9.9358230e-01
 -2.5525526e-01 -9.9411630e-01
 -2.5325325e-01 -9.9449778e-01
 -2.5125125e-01 -9.9472671e-01
 -2.4924925e-01 -9.9480310e-01
 -2.4724725e-01 -9.9472697e-01
 -2.4524525e-01 -9.9449836e-01
 -2.4324324e-01 -9.9411732e-01
 -2.4124124e-01 -9.9358393e-01
 -2.3923924e-01 -9.9289827e-01
 -2.3723724e-01 -9.9206045e-01
 -2.3523524e-01 -9.9107059e-01
 -2.3323323e-01 -9.8992882e-01
 -2.3123123e-01 -9.8863529e-01
 -2.2922923e-01 -9.8719018e-01
 -2.2722723e-01 -9.8559366e-01
 -2.2522523e-01 -9.8384594e-01
 -2.2322322e-01 -9.8194722e-01
 -2.2122122e-01 -9.7989774e-01
 -2.1921922e-01 -9.7769774e-01
 -2.1721722e-01 -9.7534748e-01
 -2.1521522e-01 -9.7284723e-01
 -2.1321321e-01 -9.7019729e-01
 -2.1121121e-01 -9.6739795e-01
 -2.0920921e-01 -9.6444954e-01
 -2.0720721e-01 -9.6135239e-01
 -2.0520521e-01 -9.5810685e-01
 -2.0320320e-01 -9.5471329e-01
 -2.0120120e-01 -9.5117209e-01
 -1.9919920e-01 -9.4748365e-01
 -1.9719720e-01 -9.4364837e-01
 -1.9519520e-01 -9.3966668e-01
 -1.9319319e-01 -9.3553904e-01
 -1.9119119e-01 -9.3126590e-01
 -1.8918919e-01 -9.2684774e-01
 -1.8718719e-01 -9.2228505e-01
 -1.8518519e-01 -9.1757835e-01
 -1.8318318e-01 -9.1272815e-01
 -1.8118118e-01 -9.0773502e-01
 -1.7917918e-01 -9.0259950e-01
 -1.7717718e-01 -8.9732219e-01
 -1.7517518e-01 -8.9190368e-01
 -1.7317317e-01 -8.8634458e-01
 -1.7117117e-01 -8.8064555e-01
 -1.6916917e-01 -8.7480722e-01
 -1.6716717e-01 -8.6883029e-01
 -1.6516517e-01 -8.6271544e-01
 -1.6316316e-01 -8.5646338e-01
 -1.6116116e-01 -8.5007487e-01
 -1.5915916e-01 -8.4355064e-01
 -1.5715716e-01 -8.3689149e-01
 -1.5515516e-01 -8.3009821e-01
 -1.5315315e-01 -8.2317162e-01
 -1.5115115e-01 -8.1611257e-01
 -1.4914915e-01 -8.0892192e-01
 -1.4714715e-01 -8.0160056e-01
 -1.4514515e-01 -7.9414941e-01
 -1.4314314e-01 -7.8656940e-01
 -1.4114114e-01 -7.7886148e-01
 -1.3913914e-01 -7.7102665e-01
 -1.3713714e-01 -7.6306591e-01
 -1.3513514e-01 -7.5498030e-01
 -1.3313313e-01 -7.4677087e-01
 -1.3113113e-01 -7.3843870e-01
 -1.2912913e-01 -7.2998491e-01
 -1.2712713e-01 -7.2141063e-01
 -1.2512513e-01 -7.1271701e-01
 -1.2312312e-01 -7.0390525e-01
 -1.2112112e-01 -6.9497655e-01
 -1.1911912e-01 -6.8593217e-01
 -1.1711712e-01 -6.7677335e-01
 -1.1511512e-01 -6.6750140e-01
 -1.1311311e-01 -6.5811763e-01
 -1.1111111e-01 -6.4862339e-01
 -1.0910911e-01 -6.3902005e-01
 -1.0710711e-01 -6.2930902e-01
 -1.0510511e-01 -6.1949171e-01
 -1.0310310e-01 -6.0956959e-01
 -1.0110110e-01 -5.9954414e-01
 -9.9099099e-02 -5.8941686e-01
 -9.7097097e-02 -5.7918930e-01
 -9.5095095e-02 -5.6886301e-01
 -9.3093093e-02 -5.5843957e-01
 -9.1091091e-02 -5.4792062e-01
 -8.9089089e-02 -5.3730779e-01
 -8.7087087e-02 -5.2660274e-01
 -8.5085085e-02 -5.1580718e-01
 -8.3083083e-02 -5.0492282e-01
 -8.1081081e-02 -4.9395140e-01
 -7.9079079e-02 -4.8289471e-01
 -7.7077077e-02 -4.7175453e-01
 -7.5075075e-02 -4.6053268e-01
 -7.3073073e-02 -4.4923101e-01
 -7.1071071e-02 -4.3785138e-01
 -6.9069069e-02 -4.2639569e-01
 -6.7067067e-02 -4.1486584e-01
 -6.5065065e-02 -4.0326379e-01
 -6.3063063e-02 -3.9159147e-01
 -6.1061061e-02 -3.7985087e-01
 -5.9059059e-02 -3.6804400e-01
 -5.7057057e-02 -3.5617286e-01
 -5.5055055e-02 -3.4423950e-01
 -5.3053053e-02 -3.3224598e-01
 -5.1051051e-02 -3.2019437e-01
 -4.9049049e-02 -3.0808677e-01
 -4.7047047e-02 -2.9592528e-01
 -4.5045045e-02 -2.8371204e-01
 -4.3043043e-02 -2.7144918e-01
 -4.1041041e-02 -2.5913886e-01
 -3.9039039e-02 -2.4678326e-01
 -3.7037037e-02 -2.3438455e-01
 -3.5035035e-02 -2.2194494e-01
 -3.3033033e-02 -2.0946663e-01
 -3.1031031e-02 -1.9695184e-01
 -2.9029029e-02 -1.8440280e-01
 -2.7027027e-02 -1.7182175e-01
 -2.5025025e-02 -1.5921093e-01
 -2.3023023e-02 -1.4657261e-01
 -2.1021021e-02 -1.3390903e-01
 -1.9019019e-02 -1.2122247e-01
 -1.7017017e-02 -1.0851520e-01
 -1.5015015e-02 -9.5789493e-02
 -1.3013013e-02 -8.3047631e-02
 -1.1011011e-02 -7.0291895e-02
 -9.0090090e-03 -5.7524567e-02
 -7.0070070e-03 -4.4747933e-02
 -5.0050050e-03 -3.1964275e-02
 -3.0030030e-03 -1.9175877e-02
 -1.0010010e-03 -6.3850190e-03
  1.0010010e-03  6.4060196e-03
  3.0030030e-03  1.9194964e-02
  5.0050050e-03  3.1979545e-02
  7.0070070e-03  4.4757495e-02
  9.0090090e-03  5.7526555e-02
  1.1011011e-02  7.0284473e-02
  1.3013013e-02  8.3029003e-02
  1.5015015e-02  9.5757907e-02
  1.7017017e-02  1.0846896e-01
  1.9019019e-02  1.2115994e-01
  2.1021021e-02  1.3382863e-01
  2.3023023e-02  1.4647285e-01
  2.5025025e-02  1.5909041e-01
  2.7027027e-02  1.7167913e-01
  2.9029029e-02  1.8423685e-01
  3.1031031e-02  1.9676143e-01
  3.3033033e-02  2.0925073e-01
  3.5035035e-02  2.2170265e-01
  3.7037037e-02  2.3411507e-01
  3.9039039e-02  2.4648590e-01
  4.1041041e-02  2.5881309e-01
  4.3043043e-02  2.7109457e-01
  4.5045045e-02  2.8332832e-01
  4.7047047e-02  2.9551231e-01
  4.9049049e-02  3.0764454e-01
  5.1051051e-02  3.1972303e-01
  5.3053053e-02  3.3174582e-01
  5.5055055e-02  3.4371097e-01
  5.7057057e-02  3.5561655e-01
  5.9059059e-02  3.6746065e-01
  6.1061061e-02  3.7924140e-01
  6.3063063e-02  3.9095693e-01
  6.5065065e-02  4.0260539e-01
  6.7067067e-02  4.1418497e-01
  6.9069069e-02  4.2569385e-01
  7.1071071e-02  4.3713026e-01
  7.3073073e-02  4.4849244e-01
  7.5075075e-02  4.5977865e-01
  7.7077077e-02  4.7098716e-01
  7.9079079e-02  4.8211628e-01
  8.1081081e-02  4.9316434e-01
  8.3083083e-02  5.0412967e-01
  8.5085085e-02  5.1501064e-01
  8.7087087e-02  5.2580564e-01
  8.9089089e-02  5.3651308e-01
  9.1091091e-02  5.4713137e-01
  9.3093093e-02  5.5765898e-01
  9.5095095e-02  5.6809436e-01
  9.7097097e-02  5.7843601e-01
  9.9099099e-02  5.8868244e-01
  1.0110110e-01  5.9883217e-01
  1.0310310e-01  6.0888375e-01
  1.0510511e-01  6.1883575e-01
  1.0710711e-01  6.2868677e-01
  1.0910911e-01  6.3843539e-01
  1.1111111e-01  6.4808026e-01
  1.1311311e-01  6.5762001e-01
  1.1511512e-01  6.6705330e-01
  1.1711712e-01  6.7637882e-01
  1.1911912e-01  6.8559527e-01
  1.2112112e-01  6.9470135e-01
  1.2312312e-01  7.0369581e-01
  1.2512513e-01  7.1257739e-01
  1.2712713e-01  7.2134487e-01
  1.2912913e-01  7.2999701e-01
  1.3113113e-01  7.3853263e-01
  1.3313313e-01  7.4695053e-01
  1.3513514e-01  7.5524956e-01
  1.3713714e-01  7.6342855e-01
  1.3913914e-01  7.7148637e-01
  1.4114114e-01  7.7942190e-01
  1.4314314e-01  7.8723402e-01
  1.4514515e-01  7.9492164e-01
  1.4714715e-01  8.0248369e-01
  1.4914915e-01  8.0991910e-01
  1.5115115e-01  8.1722681e-01
  1.5315315e-01  8.2440580e-01
  1.5515516e-01  8.3145503e-01
  1.5715716e-01  8.3837350e-01
  1.5915916e-01  8.4516021e-01
  1.6116116e-01  8.5181418e-01
  1.6316316e-01  8.5833444e-01
  1.6516517e-01  8.6472003e-01
  1.6716717e-01  8.7097001e-01
  1.6916917e-01  8.7708344e-01
  1.7117117e-01  8.8305942e-01
  1.7317317e-01  8.8889704e-01
  1.7517518e-01  8.9459541e-01
  1.7717718e-01  9.0015365e-01
  1.7917918e-01  9.0557091e-01
  1.8118118e-01  9.1084632e-01
  1.8318318e-01  9.1597907e-01
  1.8518519e-01  9.2096832e-01
  1.8718719e-01  9.2581326e-01
  1.8918919e-01  9.3051312e-01
  1.9119119e-01  9.3506710e-01
  1.9319319e-01  9.3947445e-01
  1.9519520e-01  9.4373442e-01
  1.9719720e-01  9.4784627e-01
  1.9919920e-01  9.5180930e-01
  2.0120120e-01  9.5562280e-01
  2.0320320e-01  9.5928608e-01
  2.0520521e-01  9.6279849e-01
  2.0720721e-01  9.6615937e-01
  2.0920921e-01  9.6936810e-01
  2.1121121e-01  9.7242405e-01
  2.1321321e-01  9.7532665e-01
  2.1521522e-01  9.7807531e-01
  2.1721722e-01  9.8066948e-01
  2.1921922e-01  9.8310863e-01
  2.2122122e-01  9.8539224e-01
  2.2322322e-01  9.8751982e-01
  2.2522523e-01  9.8949091e-01
  2.2722723e-01  9.9130506e-01
  2.2922923e-01  9.9296184e-01
  2.3123123e-01  9.9446086e-01
  2.3323323e-01  9.9580174e-01
  2.3523524e-01  9.9698413e-01
  2.3723724e-01  9.9800770e-01
  2.3923924e-01  9.9887217e-01
  2.4124124e-01  9.9957724e-01
  2.4324324e-01  1.0001227e+00
  2.4524525e-01  1.0005083e+00
  2.4724725e-01  1.0007339e+00
  2.4924925e-01  1.0007993e+00
  2.5125125e-01  1.0007043e+00
  2.5325325e-01  1.0004490e+00
  2.5525526e-01  1.0000331e+00
  2.5725726e-01  9.9945678e-01
  2.5925926e-01  9.9871989e-01
  2.6126126e-01  9.9782251e-01
  2.6326326e-01  9.9676469e-01
  2.6526527e-01  9.9554653e-01
  2.6726727e-01  9.9416816e-01
  2.6926927e-01  9.9262973e-01
  2.7127127e-01  9.9093144e-01
  2.7327327e-01  9.8907353e-01
  2.7527528e-01  9.8705626e-01
  2.7727728e-01  9.8487994e-01
  2.7927928e-01  9.8254490e-01
  2.8128128e-01  9.8005151e-01
  2.8328328e-01  9.7740020e-01
  2.8528529e-01  9.7459140e-01
  2.8728729e-01  9.7162559e-01
  2.8928929e-01  9.6850330e-01
  2.9129129e-01  9.6522509e-01
  2.9329329e-01  9.6179155e-01
  2.9529530e-01  9.5820330e-01
  2.9729730e-01  9.5446102e-01
  2.9929930e-01  9.5056540e-01
  3.0130130e-01  9.4651720e-01
  3.0330330e-01  9.4231717e-01
  3.0530531e-01  9.3796614e-01
  3.0730731e-01  9.3346495e-01
  3.0930931e-01  9.2881448e-01
  3.1131131e-01  9.2401565e-01
  3.1331331e-01  9.1906942e-01
  3.1531532e-01  9.1397676e-01
  3.1731732e-01  9.0873869e-01
  3.1931932e-01  9.0335627e-01
  3.2132132e-01  8.9783058e-01
  3.2332332e-01  8.9216274e-01
  3.2532533e-01  8.8635388e-01
  3.2732733e-01  8.8040519e-01
  3.2932933e-01  8.7431787e-01
  3.3133133e-01  8.6809316e-01
  3.3333333e-01  8.6173231e-01
  3.3533534e-01  8.5523662e-01
  3.3733734e-01  8.4860740e-01
  3.3933934e-01  8.4184598e-01
  3.4134134e-01  8.3495374e-01
  3.4334334e-01  8.2793204e-01
  3.4534535e-01  8.2078231e-01
  3.4734735e-01  8.1350597e-01
  3.4934935e-01  8.0610446e-01
  3.5135135e-01  7.9857925e-01
  3.5335335e-01  7.9093182e-01
  3.5535536e-01  7.8316368e-01
  3.5735736e-01  7.7527633e-01
  3.5935936e-01  7.6727130e-01
  3.6136136e-01  7.5915013e-01
  3.6336336e-01  7.5091438e-01
  3.6536537e-01  7.4256559e-01
  3.6736737e-01  7.3410534e-01
  3.6936937e-01  7.2553521e-01
  3.7137137e-01  7.1685678e-01
  3.7337337e-01  7.0807163e-01
  3.7537538e-01  6.9918136e-01
  3.7737738e-01  6.9018757e-01
  3.7937938e-01  6.8109184e-01
  3.8138138e-01  6.7189578e-01
  3.8338338e-01  6.6260097e-01
  3.8538539e-01  6.5320903e-01
  3.8738739e-01  6.4372152e-01
  3.8938939e-01  6.3414005e-01
  3.9139139e-01  6.2446619e-01
  3.9339339e-01  6.1470153e-01
  3.9539540e-01  6.0484762e-01
  3.9739740e-01  5.9490604e-01
  3.9939940e-01  5.8487834e-01
  4.0140140e-01  5.7476606e-01
  4.0340340e-01  5.6457074e-01
  4.0540541e-01  5.5429390e-01
  4.0740741e-01  5.4393707e-01
  4.0940941e-01  5.3350173e-01
  4.1141141e-01  5.2298940e-01
  4.1341341e-01  5.1240153e-01
  4.1541542e-01  5.0173961e-01
  4.1741742e-01  4.9100509e-01
  4.1941942e-01  4.8019942e-01
  4.2142142e-01  4.6932401e-01
  4.2342342e-01  4.5838030e-01
  4.2542543e-01  4.4736969e-01
  4.2742743e-01  4.3629358e-01
  4.2942943e-01  4.2515334e-01
  4.3143143e-01  4.1395035e-01
  4.3343343e-01  4.0268597e-01
  4.3543544e-01  3.9136155e-01
  4.3743744e-01  3.7997844e-01
  4.3943944e-01  3.6853796e-01
  4.4144144e-01  3.5704145e-01
  4.4344344e-01  3.4549023e-01
  4.4544545e-01  3.3388560e-01
  4.4744745e-01  3.2222888e-01
  4.4944945e-01  3.1052137e-01
  4.5145145e-01  2.9876438e-01
  4.5345345e-01  2.8695921e-01
  4.5545546e-01  2.7510717e-01
  4.5745746e-01  2.6320956e-01
  4.5945946e-01  2.5126769e-01
  4.6146146e-01  2.3928288e-01
  4.6346346e-01  2.2725645e-01
  4.6546547e-01  2.1518973e-01
  4.6746747e-01  2.0308408e-01
  4.6946947e-01  1.9094084e-01
  4.7147147e-01  1.7876138e-01
  4.7347347e-01  1.6654710e-01
  4.7547548e-01  1.5429940e-01
  4.7747748e-01  1.4201970e-01
  4.7947948e-01  1.2970946e-01
  4.8148148e-01  1.1737015e-01
  4.8348348e-01  1.0500327e-01
  4.8548549e-01  9.2610354e-02
  4.8748749e-01  8.0192955e-02
  4.8948949e-01  6.7752670e-02
  4.9149149e-01  5.5291125e-02
  4.9349349e-01  4.2809984e-02
  4.9549550e-01  3.0310951e-02
  4.9749750e-01  1.7795768e-02
  4.9949950e-01  5.2662181e-03
  5.0150150e-01 -7.2758693e-03
  5.0350350e-01 -1.9828621e-02
  5.0550551e-01 -3.2390118e-02
  5.0750751e-01 -4.4958391e-02
  5.0950951e-01 -5.7531424e-02
  5.1151151e-01 -7.0107148e-02
  5.1351351e-01 -8.2683446e-02
  5.1551552e-01 -9.5258146e-02
  5.1751752e-01 -1.0782902e-01
  5.1951952e-01 -1.2039380e-01
  5.2152152e-01 -1.3295015e-01
  5.2352352e-01 -1.4549568e-01
  5.2552553e-01 -1.5802795e-01
  5.2752753e-01 -1.7054447e-01
  5.2952953e-01 -1.8304270e-01
  5.3153153e-01 -1.9552004e-01
  5.3353353e-01 -2.0797383e-01
  5.3553554e-01 -2.2040138e-01
  5.3753754e-01 -2.3279992e-01
  5.3953954e-01 -2.4516668e-01
  5.4154154e-01 -2.5749880e-01
  5.4354354e-01 -2.6979339e-01
  5.4554555e-01 -2.8204753e-01
  5.4754755e-01 -2.9425825e-01
  5.4954955e-01 -3.0642254e-01
  5.5155155e-01 -3.1853738e-01
  5.5355355e-01 -3.3059970e-01
  5.5555556e-01 -3.4260641e-01
  5.5755756e-01 -3.5455441e-01
  5.5955956e-01 -3.6644055e-01
  5.6156156e-01 -3.7826172e-01
  5.6356356e-01 -3.9001476e-01
  5.6556557e-01 -4.0169653e-01
  5.6756757e-01 -4.1330389e-01
  5.6956957e-01 -4.2483370e-01
  5.7157157e-01 -4.3628284e-01
  5.7357357e-01 -4.4764823e-01
  5.7557558e-01 -4.5892678e-01
  5.7757758e-01 -4.7011548e-01
  5.7957958e-01 -4.8121132e-01
  5.8158158e-01 -4.9221137e-01
  5.8358358e-01 -5.0311274e-01
  5.8558559e-01 -5.1391260e-01
  5.8758759e-01 -5.2460821e-01
  5.8958959e-01 -5.3519690e-01
  5.9159159e-01 -5.4567608e-01
  5.9359359e-01 -5.5604325e-01
  5.9559560e-01 -5.6629604e-01
  5.9759760e-01 -5.7643216e-01
  5.9959960e-01 -5.8644945e-01
  6.0160160e-01 -5.9634590e-01
  6.0360360e-01 -6.0611959e-01
  6.0560561e-01 -6.1576877e-01
  6.0760761e-01 -6.2529185e-01
  6.0960961e-01 -6.3468738e-01
  6.1161161e-01 -6.4395407e-01
  6.1361361e-01 -6.5309083e-01
  6.1561562e-01 -6.6209671e-01
  6.1761762e-01 -6.7097099e-01
  6.1961962e-01 -6.7971311e-01
  6.2162162e-01 -6.8832272e-01
  6.2362362e-01 -6.9679967e-01
  6.2562563e-01 -7.0514403e-01
  6.2762763e-01 -7.1335607e-01
  6.2962963e-01 -7.2143627e-01
  6.3163163e-01 -7.2938536e-01
  6.3363363e-01 -7.3720425e-01
  6.3563564e-01 -7.4489411e-01
  6.3763764e-01 -7.5245631e-01
  6.3963964e-01 -7.5989247e-01
  6.4164164e-01 -7.6720442e-01
  6.4364364e-01 -7.7439419e-01
  6.4564565e-01 -7.8146408e-01
  6.4764765e-01 -7.8841656e-01
  6.4964965e-01 -7.9525434e-01
  6.5165165e-01 -8.0198032e-01
  6.5365365e-01 -8.0859760e-01
  6.5565566e-01 -8.1510948e-01
  6.5765766e-01 -8.2151943e-01
  6.5965966e-01 -8.2783110e-01
  6.6166166e-01 -8.3404828e-01
  6.6366366e-01 -8.4017493e-01
  6.6566567e-01 -8.4621511e-01
  6.6766767e-01 -8.5217300e-01
  6.6966967e-01 -8.5805290e-01
  6.7167167e-01 -8.6385914e-01
  6.7367367e-01 -8.6959615e-01
  6.7567568e-01 -8.7526835e-01
  6.7767768e-01 -8.8088020e-01
  6.7967968e-01 -8.8643613e-01
  6.8168168e-01 -8.9194052e-01
  6.8368368e-01 -8.9739767e-01
  6.8568569e-01 -9.0281180e-01
  6.8768769e-01 -9.0818696e-01
  6.8968969e-01 -9.1352707e-01
  6.9169169e-01 -9.1883582e-01
  6.9369369e-01 -9.2411666e-01
  6.9569570e-01 -9.2937277e-01
  6.9769770e-01 -9.3460703e-01
  6.9969970e-01 -9.3982192e-01
  7.0170170e-01 -9.4501958e-01
  7.0370370e-01 -9.5020166e-01
  7.0570571e-01 -9.5536937e-01
  7.0770771e-01 -9.6052336e-01
  7.0970971e-01 -9.6566374e-01
  7.1171171e-01 -9.7078998e-01
  7.1371371e-01 -9.7590090e-01
  7.1571572e-01 -9.8099463e-01
  7.1771772e-01 -9.8606853e-01
  7.1971972e-01 -9.9111915e-01
  7.2172172e-01 -9.9614223e-01
  7.2372372e-01 -1.0011326e+00
  7.2572573e-01 -1.0060842e+00
  7.2772773e-01 -1.0109898e+00
  7.2972973e-01 -1.0158416e+00
  7.3173173e-01 -1.0206302e+00
  7.3373373e-01 -1.0253455e+00
  7.3573574e-01 -1.0299761e+00
  7.3773774e-01 -1.0345095e+00
  7.3973974e-01 -1.0389320e+00
  7.4174174e-01 -1.0432286e+00
  7.4374374e-01 -1.0473831e+00
  7.4574575e-01 -1.0513781e+00
  7.4774775e-01 -1.0551949e+00
  7.4974975e-01 -1.0588136e+00
  7.5175175e-01 -1.0622127e+00
  7.5375375e-01 -1.0653697e+00
  7.5575576e-01 -1.0682607e+00
  7.5775776e-01 -1.0708607e+00
  7.5975976e-01 -1.0731432e+00
  7.6176176e-01 -1.0750806e+00
  7.6376376e-01 -1.0766442e+00
  7.6576577e-01 -1.0778041e+00
  7.6776777e-01 -1.0785293e+00
  7.6976977e-01 -1.0787878e+00
  7.7177177e-01 -1.0785468e+00
  7.7377377e-01 -1.0777725e+00
  7.7577578e-01 -1.0764304e+00
  7.7777778e-01 -1.0744854e+00
  7.7977978e-01 -1.0719020e+00
  7.8178178e-01 -1.0686441e+00
  7.8378378e-01 -1.0646757e+00
  7.8578579e-01 -1.0599605e+00
  7.8778779e-01 -1.0544624e+00
  7.8978979e-01 -1.0481459e+00
  7.9179179e-01 -1.0409757e+00
  7.9379379e-01 -1.0329175e+00
  7.9579580e-01 -1.0239381e+00
  7.9779780e-01 -1.0140054e+00
  7.9979980e-01 -1.0030892e+00
  8.0180180e-01 -9.9116085e-01
  8.0380380e-01 -9.7819424e-01
  8.0580581e-01 -9.6416568e-01
  8.0780781e-01 -9.4905445e-01
  8.0980981e-01 -9.3284315e-01
  8.1181181e-01 -9.1551806e-01
  8.1381381e-01 -8.9706964e-01
  8.1581582e-01 -8.7749288e-01
  8.1781782e-01 -8.5678783e-01
  8.1981982e-01 -8.3496002e-01
  8.2182182e-01 -8.1202098e-01
  8.2382382e-01 -7.8798876e-01
  8.2582583e-01 -7.6288842e-01
  8.2782783e-01 -7.3675261e-01
  8.2982983e-01 -7.0962210e-01
  8.3183183e-01 -6.8154637e-01
  8.3383383e-01 -6.5258415e-01
  8.3583584e-01 -6.2280407e-01
  8.3783784e-01 -5.9228520e-01
  8.3983984e-01 -5.6111770e-01
  8.4184184e-01 -5.2940337e-01
  8.4384384e-01 -4.9725632e-01
  8.4584585e-01 -4.6480351e-01
  8.4784785e-01 -4.3218539e-01
  8.4984985e-01 -3.9955643e-01
  8.5185185e-01 -3.6708576e-01
  8.5385385e-01 -3.3495766e-01
  8.5585586e-01 -3.0337211e-01
  8.5785786e-01 -2.7254525e-01
  8.5985986e-01 -2.4270990e-01
  8.6186186e-01 -2.1411590e-01
  8.6386386e-01 -1.8703051e-01
  8.6586587e-01 -1.6173871e-01
  8.6786787e-01 -1.3854342e-01
  8.6986987e-01 -1.1776568e-01
  8.7187187e-01 -9.9744704e-02
  8.7387387e-01 -8.4837871e-02
  8.7587588e-01 -7.3420575e-02
  8.7787788e-01 -6.5885988e-02
  8.7987988e-01 -6.2644664e-02
  8.8188188e-01 -6.4124004e-02
  8.8388388e-01 -7.0767563e-02
  8.8588589e-01 -8.3034164e-02
  8.8788789e-01 -1.0139683e-01
  8.8988989e-01 -1.2634148e-01
  8.9189189e-01 -1.5836542e-01
  8.9389389e-01 -1.9797554e-01
  8.9589590e-01 -2.4568628e-01
  8.9789790e-01 -3.0201723e-01
  8.9989990e-01 -3.6749045e-01
  9.0190190e-01 -4.4262745e-01
  9.0390390e-01 -5.2794568e-01
  9.0590591e-01 -6.2395476e-01
  9.0790791e-01 -7.3115215e-01
  9.0990991e-01 -8.5001834e-01
  9.1191191e-01 -9.8101160e-01
  9.1391391e-01 -1.1245621e+00
  9.1591592e-01 -1.2810654e+00
  9.1791792e-01 -1.4508756e+00
  9.1991992e-01 -1.6342971e+00
  9.2192192e-01 -1.8315765e+00
  9.2392392e-01 -2.0428931e+00
  9.2592593e-01 -2.2683488e+00
  9.2792793e-01 -2.5079570e+00
  9.2992993e-01 -2.7616308e+00
  9.3193193e-01 -3.0291695e+00
  9.3393393e-01 -3.3102451e+00
  9.3593594e-01 -3.6043865e+00
  9.3793794e-01 -3.9109632e+00
  9.3993994e-01 -4.2291678e+00
  9.4194194e-01 -4.5579960e+00
  9.4394394e-01 -4.8962268e+00
  9.4594595e-01 -5.2423995e+00
  9.4794795e-01 -5.5947902e+00
  9.4994995e-01 -5.9513861e+00
  9.5195195e-01 -6.3098575e+00
  9.5395395e-01 -6.6675288e+00
  9.5595596e-01 -7.0213465e+00
  9.5795796e-01 -7.3678455e+00
  9.5995996e-01 -7.7031125e+00
  9.6196196e-01 -8.0227478e+00
  9.6396396e-01 -8.3218237e+00
  9.6596597e-01 -8.5948404e+00
  9.6796797e-01 -8.8356788e+00
  9.6996997e-01 -9.0375508e+00
  9.7197197e-01 -9.1929452e+00
  9.7397397e-01 -9.2935718e+00
  9.7597598e-01 -9.3303001e+00
  9.7797798e-01 -9.2930955e+00
  9.7997998e-01 -9.1709507e+00
  9.8198198e-01 -8.9518136e+00
  9.8398398e-01 -8.6225099e+00
  9.8598599e-01 -8.1686614e+00
  9.8798799e-01 -7.5745998e+00
  9.8998999e-01 -6.8232744e+00
  9.9199199e-01 -5.8961554e+00
  9.9399399e-01 -4.7731302e+00
  9.9599600e-01 -3.4323950e+00
  9.9799800e-01 -1.8503393e+00
  1.0000000e+00 -1.4236209e-03
