 -5.0000000e+00  0.0000000e+00
 -4.9899900e+00  2.9722053e-04
 -4.9799800e+00  3.9416808e-04
 -4.9699700e+00  3.4947772e-04
 -4.9599600e+00  2.1111522e-04
 -4.9499499e+00  1.7763079e-05
 -4.9399399e+00  1.9993152e-04
 -4.9299299e+00  4.1823585e-04
 -4.9199199e+00  6.1932761e-04
 -4.9099099e+00  7.9039796e-04
 -4.8998999e+00  9.2285293e-04
 -4.8898899e+00  1.0116046e-03
 -4.8798799e+00  1.0544444e-03
 -4.8698699e+00  1.0514914e-03
 -4.8598599e+00  1.0047084e-03
 -4.8498498e+00  9.1748040e-04
 -4.8398398e+00  7.9424865e-04
 -4.8298298e+00  6.4019588e-04
 -4.8198198e+00  4.6097698e-04
 -4.8098098e+00  2.6249096e-04
 -4.7997998e+00  5.0689822e-05
 -4.7897898e+00  1.6857953e-04
 -4.7797798e+00  3.8970399e-04
 -4.7697698e+00  6.0740686e-04
 -4.7597598e+00  8.1682731e-04
 -4.7497497e+00  1.0135796e-03
 -4.7397397e+00  1.1937947e-03
 -4.7297297e+00  1.3541459e-03
 -4.7197197e+00  1.4918619e-03
 -4.7097097e+00  1.6047282e-03
 -4.6996997e+00  1.6910782e-03
 -4.6896897e+00  1.7497773e-03
 -4.6796797e+00  1.7801997e-03
 -4.6696697e+00  1.7821996e-03
 -4.6596597e+00  1.7560786e-03
 -4.6496496e+00  1.7025499e-03
 -4.6396396e+00  1.6226999e-03
 -4.6296296e+00  1.5179479e-03
 -4.6196196e+00  1.3900063e-03
 -4.6096096e+00  1.2408387e-03
 -4.5995996e+00  1.0726201e-03
 -4.5895896e+00  8.8769653e-04
 -4.5795796e+00  6.8854689e-04
 -4.5695696e+00  4.7774533e-04
 -4.5595596e+00  2.5792606e-04
 -4.5495495e+00  3.1749907e-05
 -4.5395395e+00  1.9812706e-04
 -4.5295295e+00  4.2908247e-04
 -4.5195195e+00  6.5855433e-04
 -4.5095095e+00  8.8406522e-04
 -4.4994995e+00  1.1032441e-03
 -4.4894895e+00  1.3138453e-03
 -4.4794795e+00  1.5137660e-03
 -4.4694695e+00  1.7010598e-03
 -4.4594595e+00  1.8739496e-03
 -4.4494494e+00  2.0308369e-03
 -4.4394394e+00  2.1703094e-03
 -4.4294294e+00  2.2911470e-03
 -4.4194194e+00  2.3923248e-03
 -4.4094094e+00  2.4730150e-03
 -4.3993994e+00  2.5325867e-03
 -4.3893894e+00  2.5706043e-03
 -4.3793794e+00  2.5868240e-03
 -4.3693694e+00  2.5811893e-03
 -4.3593594e+00  2.5538251e-03
 -4.3493493e+00  2.5050306e-03
 -4.3393393e+00  2.4352713e-03
 -4.3293293e+00  2.3451698e-03
 -4.3193193e+00  2.2354963e-03
 -4.3093093e+00  2.1071583e-03
 -4.2992993e+00  1.9611894e-03
 -4.2892893e+00  1.7987380e-03
 -4.2792793e+00  1.6210559e-03
 -4.2692693e+00  1.4294858e-03
 -4.2592593e+00  1.2254499e-03
 -4.2492492e+00  1.0104372e-03
 -4.2392392e+00  7.8599177e-04
 -4.2292292e+00  5.5370060e-04
 -4.2192192e+00  3.1518185e-04
 -4.2092092e+00  7.2073278e-05
 -4.1991992e+00  1.7397901e-04
 -4.1891892e+00  4.2133144e-04
 -4.1791792e+00  6.6835348e-04
 -4.1691692e+00  9.1343762e-04
 -4.1591592e+00  1.1550089e-03
 -4.1491491e+00  1.3915341e-03
 -4.1391391e+00  1.6215299e-03
 -4.1291291e+00  1.8435707e-03
 -4.1191191e+00  2.0562964e-03
 -4.1091091e+00  2.2584185e-03
 -4.0990991e+00  2.4487264e-03
 -4.0890891e+00  2.6260926e-03
 -4.0790791e+00  2.7894777e-03
 -4.0690691e+00  2.9379343e-03
 -4.0590591e+00  3.0706104e-03
 -4.0490490e+00  3.1867526e-03
 -4.0390390e+00  3.2857081e-03
 -4.0290290e+00  3.3669262e-03
 -4.0190190e+00  3.4299595e-03
 -4.0090090e+00  3.4744644e-03
 -3.9989990e+00  3.5002008e-03
 -3.9889890e+00  3.5070319e-03
 -3.9789790e+00  3.4949223e-03
 -3.9689690e+00  3.4639372e-03
 -3.9589590e+00  3.4142396e-03
 -3.9489489e+00  3.3460884e-03
 -3.9389389e+00  3.2598350e-03
 -3.9289289e+00  3.1559201e-03
 -3.9189189e+00  3.0348700e-03
 -3.9089089e+00  2.8972929e-03
 -3.8988989e+00  2.7438741e-03
 -3.8888889e+00  2.5753718e-03
 -3.8788789e+00  2.3926123e-03
 -3.8688689e+00  2.1964849e-03
 -3.8588589e+00  1.9879365e-03
 -3.8488488e+00  1.7679669e-03
 -3.8388388e+00  1.5376227e-03
 -3.8288288e+00  1.2979922e-03
 -3.8188188e+00  1.0501996e-03
 -3.8088088e+00  7.9539930e-04
 -3.7987988e+00  5.3477053e-04
 -3.7887888e+00  2.6951144e-04
 -3.7787788e+00  8.3360683e-07
 -3.7687688e+00  2.7004352e-04
 -3.7587588e+00  5.4189811e-04
 -3.7487487e+00  8.1351129e-04
 -3.7387387e+00  1.0836724e-03
 -3.7287287e+00  1.3511842e-03
 -3.7187187e+00  1.6148675e-03
 -3.7087087e+00  1.8735665e-03
 -3.6986987e+00  2.1261528e-03
 -3.6886887e+00  2.3715302e-03
 -3.6786787e+00  2.6086386e-03
 -3.6686687e+00  2.8364583e-03
 -3.6586587e+00  3.0540134e-03
 -3.6486486e+00  3.2603753e-03
 -3.6386386e+00  3.4546664e-03
 -3.6286286e+00  3.6360624e-03
 -3.6186186e+00  3.8037954e-03
 -3.6086086e+00  3.9571564e-03
 -3.5985986e+00  4.0954972e-03
 -3.5885886e+00  4.2182328e-03
 -3.5785786e+00  4.3248423e-03
 -3.5685686e+00  4.4148709e-03
 -3.5585586e+00  4.4879307e-03
 -3.5485485e+00  4.5437018e-03
 -3.5385385e+00  4.5819324e-03
 -3.5285285e+00  4.6024393e-03
 -3.5185185e+00  4.6051083e-03
 -3.5085085e+00  4.5898933e-03
 -3.4984985e+00  4.5568165e-03
 -3.4884885e+00  4.5059673e-03
 -3.4784785e+00  4.4375012e-03
 -3.4684685e+00  4.3516393e-03
 -3.4584585e+00  4.2486662e-03
 -3.4484484e+00  4.1289290e-03
 -3.4384384e+00  3.9928350e-03
 -3.4284284e+00  3.8408500e-03
 -3.4184184e+00  3.6734963e-03
 -3.4084084e+00  3.4913501e-03
 -3.3983984e+00  3.2950390e-03
 -3.3883884e+00  3.0852397e-03
 -3.3783784e+00  2.8626750e-03
 -3.3683684e+00  2.6281109e-03
 -3.3583584e+00  2.3823538e-03
 -3.3483483e+00  2.1262473e-03
 -3.3383383e+00  1.8606691e-03
 -3.3283283e+00  1.5865275e-03
 -3.3183183e+00  1.3047585e-03
 -3.3083083e+00  1.0163222e-03
 -3.2982983e+00  7.2219927e-04
 -3.2882883e+00  4.2338797e-04
 -3.2782783e+00  1.2090021e-04
 -3.2682683e+00  1.8424160e-04
 -3.2582583e+00  4.9100811e-04
 -3.2482482e+00  7.9836640e-04
 -3.2382382e+00  1.1052834e-03
 -3.2282282e+00  1.4107294e-03
 -3.2182182e+00  1.7136810e-03
 -3.2082082e+00  2.0131248e-03
 -3.1981982e+00  2.3080603e-03
 -3.1881882e+00  2.5975031e-03
 -3.1781782e+00  2.8804882e-03
 -3.1681682e+00  3.1560725e-03
 -3.1581582e+00  3.4233380e-03
 -3.1481481e+00  3.6813942e-03
 -3.1381381e+00  3.9293813e-03
 -3.1281281e+00  4.1664722e-03
 -3.1181181e+00  4.3918750e-03
 -3.1081081e+00  4.6048355e-03
 -3.0980981e+00  4.8046392e-03
 -3.0880881e+00  4.9906131e-03
 -3.0780781e+00  5.1621278e-03
 -3.0680681e+00  5.3185991e-03
 -3.0580581e+00  5.4594897e-03
 -3.0480480e+00  5.5843104e-03
 -3.0380380e+00  5.6926214e-03
 -3.0280280e+00  5.7840334e-03
 -3.0180180e+00  5.8582087e-03
 -3.0080080e+00  5.9148617e-03
 -2.9979980e+00  5.9537599e-03
 -2.9879880e+00  5.9747238e-03
 -2.9779780e+00  5.9776278e-03
 -2.9679680e+00  5.9624000e-03
 -2.9579580e+00  5.9290223e-03
 -2.9479479e+00  5.8775302e-03
 -2.9379379e+00  5.8080126e-03
 -2.9279279e+00  5.7206113e-03
 -2.9179179e+00  5.6155203e-03
 -2.9079079e+00  5.4929852e-03
 -2.8978979e+00  5.3533020e-03
 -2.8878879e+00  5.1968168e-03
 -2.8778779e+00  5.0239238e-03
 -2.8678679e+00  4.8350646e-03
 -2.8578579e+00  4.6307266e-03
 -2.8478478e+00  4.4114414e-03
 -2.8378378e+00  4.1777836e-03
 -2.8278278e+00  3.9303684e-03
 -2.8178178e+00  3.6698503e-03
 -2.8078078e+00  3.3969211e-03
 -2.7977978e+00  3.1123076e-03
 -2.7877878e+00  2.8167700e-03
 -2.7777778e+00  2.5110991e-03
 -2.7677678e+00  2.1961147e-03
 -2.7577578e+00  1.8726628e-03
 -2.7477477e+00  1.5416135e-03
 -2.7377377e+00  1.2038585e-03
 -2.7277277e+00  8.6030885e-04
 -2.7177177e+00  5.1189199e-04
 -2.7077077e+00  1.5954969e-04
 -2.6976977e+00  1.9576471e-04
 -2.6876877e+00  5.5308884e-04
 -2.6776777e+00  9.1145384e-04
 -2.6676677e+00  1.2698870e-03
 -2.6576577e+00  1.6274142e-03
 -2.6476476e+00  1.9830627e-03
 -2.6376376e+00  2.3358635e-03
 -2.6276276e+00  2.6848539e-03
 -2.6176176e+00  3.0290801e-03
 -2.6076076e+00  3.3675996e-03
 -2.5975976e+00  3.6994837e-03
 -2.5875876e+00  4.0238196e-03
 -2.5775776e+00  4.3397133e-03
 -2.5675676e+00  4.6462913e-03
 -2.5575576e+00  4.9427030e-03
 -2.5475475e+00  5.2281232e-03
 -2.5375375e+00  5.5017536e-03
 -2.5275275e+00  5.7628253e-03
 -2.5175175e+00  6.0106003e-03
 -2.5075075e+00  6.2443737e-03
 -2.4974975e+00  6.4634754e-03
 -2.4874875e+00  6.6672716e-03
 -2.4774775e+00  6.8551663e-03
 -2.4674675e+00  7.0266030e-03
 -2.4574575e+00  7.1810662e-03
 -2.4474474e+00  7.3180822e-03
 -2.4374374e+00  7.4372204e-03
 -2.4274274e+00  7.5380949e-03
 -2.4174174e+00  7.6203644e-03
 -2.4074074e+00  7.6837342e-03
 -2.3973974e+00  7.7279560e-03
 -2.3873874e+00  7.7528288e-03
 -2.3773774e+00  7.7581996e-03
 -2.3673674e+00  7.7439636e-03
 -2.3573574e+00  7.7100643e-03
 -2.3473473e+00  7.6564940e-03
 -2.3373373e+00  7.5832933e-03
 -2.3273273e+00  7.4905516e-03
 -2.3173173e+00  7.3784065e-03
 -2.3073073e+00  7.2470435e-03
 -2.2972973e+00  7.0966960e-03
 -2.2872873e+00  6.9276439e-03
 -2.2772773e+00  6.7402140e-03
 -2.2672673e+00  6.5347782e-03
 -2.2572573e+00  6.3117535e-03
 -2.2472472e+00  6.0716005e-03
 -2.2372372e+00  5.8148226e-03
 -2.2272272e+00  5.5419645e-03
 -2.2172172e+00  5.2536115e-03
 -2.2072072e+00  4.9503875e-03
 -2.1971972e+00  4.6329541e-03
 -2.1871872e+00  4.3020087e-03
 -2.1771772e+00  3.9582831e-03
 -2.1671672e+00  3.6025419e-03
 -2.1571572e+00  3.2355802e-03
 -2.1471471e+00  2.8582226e-03
 -2.1371371e+00  2.4713206e-03
 -2.1271271e+00  2.0757510e-03
 -2.1171171e+00  1.6724139e-03
 -2.1071071e+00  1.2622303e-03
 -2.0970971e+00  8.4614064e-04
 -2.0870871e+00  4.2510185e-04
 -2.0770771e+00  8.5764622e-08
 -2.0670671e+00  4.2792334e-04
 -2.0570571e+00  8.5793096e-04
 -2.0470470e+00  1.2889346e-03
 -2.0370370e+00  1.7199263e-03
 -2.0270270e+00  2.1498944e-03
 -2.0170170e+00  2.5778266e-03
 -2.0070070e+00  3.0027114e-03
 -1.9969970e+00  3.4235414e-03
 -1.9869870e+00  3.8393146e-03
 -1.9769770e+00  4.2490377e-03
 -1.9669670e+00  4.6517274e-03
 -1.9569570e+00  5.0464134e-03
 -1.9469469e+00  5.4321403e-03
 -1.9369369e+00  5.8079698e-03
 -1.9269269e+00  6.1729830e-03
 -1.9169169e+00  6.5262825e-03
 -1.9069069e+00  6.8669943e-03
 -1.8968969e+00  7.1942700e-03
 -1.8868869e+00  7.5072888e-03
 -1.8768769e+00  7.8052593e-03
 -1.8668669e+00  8.0874214e-03
 -1.8568569e+00  8.3530481e-03
 -1.8468468e+00  8.6014474e-03
 -1.8368368e+00  8.8319635e-03
 -1.8268268e+00  9.0439788e-03
 -1.8168168e+00  9.2369153e-03
 -1.8068068e+00  9.4102360e-03
 -1.7967968e+00  9.5634459e-03
 -1.7867868e+00  9.6960937e-03
 -1.7767768e+00  9.8077728e-03
 -1.7667668e+00  9.8981223e-03
 -1.7567568e+00  9.9668278e-03
 -1.7467467e+00  1.0013622e-02
 -1.7367367e+00  1.0038288e-02
 -1.7267267e+00  1.0040654e-02
 -1.7167167e+00  1.0020601e-02
 -1.7067067e+00  9.9780590e-03
 -1.6966967e+00  9.9130071e-03
 -1.6866867e+00  9.8254760e-03
 -1.6766767e+00  9.7155464e-03
 -1.6666667e+00  9.5833500e-03
 -1.6566567e+00  9.4290687e-03
 -1.6466466e+00  9.2529345e-03
 -1.6366366e+00  9.0552297e-03
 -1.6266266e+00  8.8362857e-03
 -1.6166166e+00  8.5964832e-03
 -1.6066066e+00  8.3362509e-03
 -1.5965966e+00  8.0560653e-03
 -1.5865866e+00  7.7564495e-03
 -1.5765766e+00  7.4379723e-03
 -1.5665666e+00  7.1012471e-03
 -1.5565566e+00  6.7469309e-03
 -1.5465465e+00  6.3757229e-03
 -1.5365365e+00  5.9883630e-03
 -1.5265265e+00  5.5856307e-03
 -1.5165165e+00  5.1683432e-03
 -1.5065065e+00  4.7373540e-03
 -1.4964965e+00  4.2935508e-03
 -1.4864865e+00  3.8378542e-03
 -1.4764765e+00  3.3712154e-03
 -1.4664665e+00  2.8946145e-03
 -1.4564565e+00  2.4090582e-03
 -1.4464464e+00  1.9155779e-03
 -1.4364364e+00  1.4152273e-03
 -1.4264264e+00  9.0908049e-04
 -1.4164164e+00  3.9822916e-04
 -1.4064064e+00  1.1621928e-04
 -1.3963964e+00  6.3314436e-04
 -1.3863864e+00  1.1514149e-03
 -1.3763764e+00  1.6698917e-03
 -1.3663664e+00  2.1874297e-03
 -1.3563564e+00  2.7028809e-03
 -1.3463463e+00  3.2150966e-03
 -1.3363363e+00  3.7229304e-03
 -1.3263263e+00  4.2252404e-03
 -1.3163163e+00  4.7208922e-03
 -1.3063063e+00  5.2087612e-03
 -1.2962963e+00  5.6877353e-03
 -1.2862863e+00  6.1567178e-03
 -1.2762763e+00  6.6146297e-03
 -1.2662663e+00  7.0604121e-03
 -1.2562563e+00  7.4930296e-03
 -1.2462462e+00  7.9114717e-03
 -1.2362362e+00  8.3147561e-03
 -1.2262262e+00  8.7019310e-03
 -1.2162162e+00  9.0720774e-03
 -1.2062062e+00  9.4243113e-03
 -1.1961962e+00  9.7577863e-03
 -1.1861862e+00  1.0071696e-02
 -1.1761762e+00  1.0365275e-02
 -1.1661662e+00  1.0637803e-02
 -1.1561562e+00  1.0888606e-02
 -1.1461461e+00  1.1117055e-02
 -1.1361361e+00  1.1322575e-02
 -1.1261261e+00  1.1504639e-02
 -1.1161161e+00  1.1662775e-02
 -1.1061061e+00  1.1796565e-02
 -1.0960961e+00  1.1905647e-02
 -1.0860861e+00  1.1989716e-02
 -1.0760761e+00  1.2048527e-02
 -1.0660661e+00  1.2081894e-02
 -1.0560561e+00  1.2089690e-02
 -1.0460460e+00  1.2071850e-02
 -1.0360360e+00  1.2028374e-02
 -1.0260260e+00  1.1959319e-02
 -1.0160160e+00  1.1864809e-02
 -1.0060060e+00  1.1745030e-02
 -9.9599600e-01  1.1600230e-02
 -9.8598599e-01  1.1430722e-02
 -9.7597598e-01  1.1236879e-02
 -9.6596597e-01  1.1019138e-02
 -9.5595596e-01  1.0777999e-02
 -9.4594595e-01  1.0514019e-02
 -9.3593594e-01  1.0227820e-02
 -9.2592593e-01  9.9200787e-03
 -9.1591592e-01  9.5915321e-03
 -9.0590591e-01  9.2429727e-03
 -8.9589590e-01  8.8752476e-03
 -8.8588589e-01  8.4892570e-03
 -8.7587588e-01  8.0859522e-03
 -8.6586587e-01  7.6663332e-03
 -8.5585586e-01  7.2314470e-03
 -8.4584585e-01  6.7823847e-03
 -8.3583584e-01  6.3202790e-03
 -8.2582583e-01  5.8463017e-03
 -8.1581582e-01  5.3616605e-03
 -8.0580581e-01  4.8675964e-03
 -7.9579580e-01  4.3653798e-03
 -7.8578579e-01  3.8563081e-03
 -7.7577578e-01  3.3417015e-03
 -7.6576577e-01  2.8228995e-03
 -7.5575576e-01  2.3012578e-03
 -7.4574575e-01  1.7781436e-03
 -7.3573574e-01  1.2549326e-03
 -7.2572573e-01  7.3300426e-04
 -7.1571572e-01  2.1373795e-04
 -7.0570571e-01  3.0149104e-04
 -6.9569570e-01  8.1131597e-04
 -6.8568569e-01  1.3143828e-03
 -6.7567568e-01  1.8093546e-03
 -6.6566567e-01  2.2949158e-03
 -6.5565566e-01  2.7697767e-03
 -6.4564565e-01  3.2326776e-03
 -6.3563564e-01  3.6823934e-03
 -6.2562563e-01  4.1177377e-03
 -6.1561562e-01  4.5375674e-03
 -6.0560561e-01  4.9407863e-03
 -5.9559560e-01  5.3263499e-03
 -5.8558559e-01  5.6932689e-03
 -5.7557558e-01  6.0406136e-03
 -5.6556557e-01  6.3675170e-03
 -5.5555556e-01  6.6731792e-03
 -5.4554555e-01  6.9568702e-03
 -5.3553554e-01  7.2179338e-03
 -5.2552553e-01  7.4557900e-03
 -5.1551552e-01  7.6699384e-03
 -5.0550551e-01  7.8599603e-03
 -4.9549550e-01  8.0255217e-03
 -4.8548549e-01  8.1663746e-03
 -4.7547548e-01  8.2823594e-03
 -4.6546547e-01  8.3734061e-03
 -4.5545546e-01  8.4395353e-03
 -4.4544545e-01  8.4808592e-03
 -4.3543544e-01  8.4975822e-03
 -4.2542543e-01  8.4900006e-03
 -4.1541542e-01  8.4585026e-03
 -4.0540541e-01  8.4035675e-03
 -3.9539540e-01  8.3257646e-03
 -3.8538539e-01  8.2257520e-03
 -3.7537538e-01  8.1042743e-03
 -3.6536537e-01  7.9621607e-03
 -3.5535536e-01  7.8003223e-03
 -3.4534535e-01  7.6197488e-03
 -3.3533534e-01  7.4215050e-03
 -3.2532533e-01  7.2067274e-03
 -3.1531532e-01  6.9766195e-03
 -3.0530531e-01  6.7324471e-03
 -2.9529530e-01  6.4755338e-03
 -2.8528529e-01  6.2072553e-03
 -2.7527528e-01  5.9290340e-03
 -2.6526527e-01  5.6423326e-03
 -2.5525526e-01  5.3486486e-03
 -2.4524525e-01  5.0495072e-03
 -2.3523524e-01  4.7464548e-03
 -2.2522523e-01  4.4410524e-03
 -2.1521522e-01  4.1348683e-03
 -2.0520521e-01  3.8294707e-03
 -1.9519520e-01  3.5264209e-03
 -1.8518519e-01  3.2272660e-03
 -1.7517518e-01  2.9335312e-03
 -1.6516517e-01  2.6467128e-03
 -1.5515516e-01  2.3682708e-03
 -1.4514515e-01  2.0996223e-03
 -1.3513514e-01  1.8421339e-03
 -1.2512513e-01  1.5971154e-03
 -1.1511512e-01  1.3658130e-03
 -1.0510511e-01  1.1494034e-03
 -9.5095095e-02  9.4898749e-04
 -8.5085085e-02  7.6558516e-04
 -7.5075075e-02  6.0012977e-04
 -6.5065065e-02  4.5346357e-04
 -5.5055055e-02  3.2633331e-04
 -4.5045045e-02  2.1938643e-04
 -3.5035035e-02  1.3316765e-04
 -2.5025025e-02  6.8116218e-05
 -1.5015015e-02  2.4563560e-05
 -5.0050050e-03  2.7316047e-06
  5.0050050e-03  2.7316047e-06
  1.5015015e-02  2.4563560e-05
  2.5025025e-02  6.8116218e-05
  3.5035035e-02  1.3316765e-04
  4.5045045e-02  2.1938643e-04
  5.5055055e-02  3.2633331e-04
  6.5065065e-02  4.5346357e-04
  7.5075075e-02  6.0012977e-04
  8.5085085e-02  7.6558516e-04
  9.5095095e-02  9.4898749e-04
  1.0510511e-01  1.1494034e-03
  1.1511512e-01  1.3658130e-03
  1.2512513e-01  1.5971154e-03
  1.3513514e-01  1.8421339e-03
  1.4514515e-01  2.0996223e-03
  1.5515516e-01  2.3682708e-03
  1.6516517e-01  2.6467128e-03
  1.7517518e-01  2.9335312e-03
  1.8518519e-01  3.2272660e-03
  1.9519520e-01  3.5264209e-03
  2.0520521e-01  3.8294707e-03
  2.1521522e-01  4.1348683e-03
  2.2522523e-01  4.4410524e-03
  2.3523524e-01  4.7464548e-03
  2.4524525e-01  5.0495072e-03
  2.5525526e-01  5.3486486e-03
  2.6526527e-01  5.6423326e-03
  2.7527528e-01  5.9290340e-03
  2.8528529e-01  6.2072553e-03
  2.9529530e-01  6.4755338e-03
  3.0530531e-01  6.7324471e-03
  3.1531532e-01  6.9766195e-03
  3.2532533e-01  7.2067274e-03
  3.3533534e-01  7.4215050e-03
  3.4534535e-01  7.6197488e-03
  3.5535536e-01  7.8003223e-03
  3.6536537e-01  7.9621607e-03
  3.7537538e-01  8.1042743e-03
  3.8538539e-01  8.2257520e-03
  3.9539540e-01  8.3257646e-03
  4.0540541e-01  8.4035675e-03
  4.1541542e-01  8.4585026e-03
  4.2542543e-01  8.4900006e-03
  4.3543544e-01  8.4975822e-03
  4.4544545e-01  8.4808592e-03
  4.5545546e-01  8.4395353e-03
  4.6546547e-01  8.3734061e-03
  4.7547548e-01  8.2823594e-03
  4.8548549e-01  8.1663746e-03
  4.9549550e-01  8.0255217e-03
  5.0550551e-01  7.8599603e-03
  5.1551552e-01  7.6699384e-03
  5.2552553e-01  7.4557900e-03
  5.3553554e-01  7.2179338e-03
  5.4554555e-01  6.9568702e-03
  5.5555556e-01  6.6731792e-03
  5.6556557e-01  6.3675170e-03
  5.7557558e-01  6.0406136e-03
  5.8558559e-01  5.6932689e-03
  5.9559560e-01  5.3263499e-03
  6.0560561e-01  4.9407863e-03
  6.1561562e-01  4.5375674e-03
  6.2562563e-01  4.1177377e-03
  6.3563564e-01  3.6823934e-03
  6.4564565e-01  3.2326776e-03
  6.5565566e-01  2.7697767e-03
  6.6566567e-01  2.2949158e-03
  6.7567568e-01  1.8093546e-03
  6.8568569e-01  1.3143828e-03
  6.9569570e-01  8.1131597e-04
  7.0570571e-01  3.0149104e-04
  7.1571572e-01  2.1373795e-04
  7.2572573e-01  7.3300426e-04
  7.3573574e-01  1.2549326e-03
  7.4574575e-01  1.7781436e-03
  7.5575576e-01  2.3012578e-03
  7.6576577e-01  2.8228995e-03
  7.7577578e-01  3.3417015e-03
  7.8578579e-01  3.8563081e-03
  7.9579580e-01  4.3653798e-03
  8.0580581e-01  4.8675964e-03
  8.1581582e-01  5.3616605e-03
  8.2582583e-01  5.8463017e-03
  8.3583584e-01  6.3202790e-03
  8.4584585e-01  6.7823847e-03
  8.5585586e-01  7.2314470e-03
  8.6586587e-01  7.6663332e-03
  8.7587588e-01  8.0859522e-03
  8.8588589e-01  8.4892570e-03
  8.9589590e-01  8.8752476e-03
  9.0590591e-01  9.2429727e-03
  9.1591592e-01  9.5915321e-03
  9.2592593e-01  9.9200787e-03
  9.3593594e-01  1.0227820e-02
  9.4594595e-01  1.0514019e-02
  9.5595596e-01  1.0777999e-02
  9.6596597e-01  1.1019138e-02
  9.7597598e-01  1.1236879e-02
  9.8598599e-01  1.1430722e-02
  9.9599600e-01  1.1600230e-02
  1.0060060e+00  1.1745030e-02
  1.0160160e+00  1.1864809e-02
  1.0260260e+00  1.1959319e-02
  1.0360360e+00  1.2028374e-02
  1.0460460e+00  1.2071850e-02
  1.0560561e+00  1.2089690e-02
  1.0660661e+00  1.2081894e-02
  1.0760761e+00  1.2048527e-02
  1.0860861e+00  1.1989716e-02
  1.0960961e+00  1.1905647e-02
  1.1061061e+00  1.1796565e-02
  1.1161161e+00  1.1662775e-02
  1.1261261e+00  1.1504639e-02
  1.1361361e+00  1.1322575e-02
  1.1461461e+00  1.1117055e-02
  1.1561562e+00  1.0888606e-02
  1.1661662e+00  1.0637803e-02
  1.1761762e+00  1.0365275e-02
  1.1861862e+00  1.0071696e-02
  1.1961962e+00  9.7577863e-03
  1.2062062e+00  9.4243113e-03
  1.2162162e+00  9.0720774e-03
  1.2262262e+00  8.7019310e-03
  1.2362362e+00  8.3147561e-03
  1.2462462e+00  7.9114717e-03
  1.2562563e+00  7.4930296e-03
  1.2662663e+00  7.0604121e-03
  1.2762763e+00  6.6146297e-03
  1.2862863e+00  6.1567178e-03
  1.2962963e+00  5.6877353e-03
  1.3063063e+00  5.2087612e-03
  1.3163163e+00  4.7208922e-03
  1.3263263e+00  4.2252404e-03
  1.3363363e+00  3.7229304e-03
  1.3463463e+00  3.2150966e-03
  1.3563564e+00  2.7028809e-03
  1.3663664e+00  2.1874297e-03
  1.3763764e+00  1.6698917e-03
  1.3863864e+00  1.1514149e-03
  1.3963964e+00  6.3314436e-04
  1.4064064e+00  1.1621928e-04
  1.4164164e+00  3.9822916e-04
  1.4264264e+00  9.0908049e-04
  1.4364364e+00  1.4152273e-03
  1.4464464e+00  1.9155779e-03
  1.4564565e+00  2.4090582e-03
  1.4664665e+00  2.8946145e-03
  1.4764765e+00  3.3712154e-03
  1.4864865e+00  3.8378542e-03
  1.4964965e+00  4.2935508e-03
  1.5065065e+00  4.7373540e-03
  1.5165165e+00  5.1683432e-03
  1.5265265e+00  5.5856307e-03
  1.5365365e+00  5.9883630e-03
  1.5465465e+00  6.3757229e-03
  1.5565566e+00  6.7469309e-03
  1.5665666e+00  7.1012471e-03
  1.5765766e+00  7.4379723e-03
  1.5865866e+00  7.7564495e-03
  1.5965966e+00  8.0560653e-03
  1.6066066e+00  8.3362509e-03
  1.6166166e+00  8.5964832e-03
  1.6266266e+00  8.8362857e-03
  1.6366366e+00  9.0552297e-03
  1.6466466e+00  9.2529345e-03
  1.6566567e+00  9.4290687e-03
  1.6666667e+00  9.5833500e-03
  1.6766767e+00  9.7155464e-03
  1.6866867e+00  9.8254760e-03
  1.6966967e+00  9.9130071e-03
  1.7067067e+00  9.9780590e-03
  1.7167167e+00  1.0020601e-02
  1.7267267e+00  1.0040654e-02
  1.7367367e+00  1.0038288e-02
  1.7467467e+00  1.0013622e-02
  1.7567568e+00  9.9668278e-03
  1.7667668e+00  9.8981223e-03
  1.7767768e+00  9.8077728e-03
  1.7867868e+00  9.6960937e-03
  1.7967968e+00  9.5634459e-03
  1.8068068e+00  9.4102360e-03
  1.8168168e+00  9.2369153e-03
  1.8268268e+00  9.0439788e-03
  1.8368368e+00  8.8319635e-03
  1.8468468e+00  8.6014474e-03
  1.8568569e+00  8.3530481e-03
  1.8668669e+00  8.0874214e-03
  1.8768769e+00  7.8052593e-03
  1.8868869e+00  7.5072888e-03
  1.8968969e+00  7.1942700e-03
  1.9069069e+00  6.8669943e-03
  1.9169169e+00  6.5262825e-03
  1.9269269e+00  6.1729830e-03
  1.9369369e+00  5.8079698e-03
  1.9469469e+00  5.4321403e-03
  1.9569570e+00  5.0464134e-03
  1.9669670e+00  4.6517274e-03
  1.9769770e+00  4.2490377e-03
  1.9869870e+00  3.8393146e-03
  1.9969970e+00  3.4235414e-03
  2.0070070e+00  3.0027114e-03
  2.0170170e+00  2.5778266e-03
  2.0270270e+00  2.1498944e-03
  2.0370370e+00  1.7199263e-03
  2.0470470e+00  1.2889346e-03
  2.0570571e+00  8.5793096e-04
  2.0670671e+00  4.2792334e-04
  2.0770771e+00  8.5764622e-08
  2.0870871e+00  4.2510185e-04
  2.0970971e+00  8.4614064e-04
  2.1071071e+00  1.2622303e-03
  2.1171171e+00  1.6724139e-03
  2.1271271e+00  2.0757510e-03
  2.1371371e+00  2.4713206e-03
  2.1471471e+00  2.8582226e-03
  2.1571572e+00  3.2355802e-03
  2.1671672e+00  3.6025419e-03
  2.1771772e+00  3.9582831e-03
  2.1871872e+00  4.3020087e-03
  2.1971972e+00  4.6329541e-03
  2.2072072e+00  4.9503875e-03
  2.2172172e+00  5.2536115e-03
  2.2272272e+00  5.5419645e-03
  2.2372372e+00  5.8148226e-03
  2.2472472e+00  6.0716005e-03
  2.2572573e+00  6.3117535e-03
  2.2672673e+00  6.5347782e-03
  2.2772773e+00  6.7402140e-03
  2.2872873e+00  6.9276439e-03
  2.2972973e+00  7.0966960e-03
  2.3073073e+00  7.2470435e-03
  2.3173173e+00  7.3784065e-03
  2.3273273e+00  7.4905516e-03
  2.3373373e+00  7.5832933e-03
  2.3473473e+00  7.6564940e-03
  2.3573574e+00  7.7100643e-03
  2.3673674e+00  7.7439636e-03
  2.3773774e+00  7.7581996e-03
  2.3873874e+00  7.7528288e-03
  2.3973974e+00  7.7279560e-03
  2.4074074e+00  7.6837342e-03
  2.4174174e+00  7.6203644e-03
  2.4274274e+00  7.5380949e-03
  2.4374374e+00  7.4372204e-03
  2.4474474e+00  7.3180822e-03
  2.4574575e+00  7.1810662e-03
  2.4674675e+00  7.0266030e-03
  2.4774775e+00  6.8551663e-03
  2.4874875e+00  6.6672716e-03
  2.4974975e+00  6.4634754e-03
  2.5075075e+00  6.2443737e-03
  2.5175175e+00  6.0106003e-03
  2.5275275e+00  5.7628253e-03
  2.5375375e+00  5.5017536e-03
  2.5475475e+00  5.2281232e-03
  2.5575576e+00  4.9427030e-03
  2.5675676e+00  4.6462913e-03
  2.5775776e+00  4.3397133e-03
  2.5875876e+00  4.0238196e-03
  2.5975976e+00  3.6994837e-03
  2.6076076e+00  3.3675996e-03
  2.6176176e+00  3.0290801e-03
  2.6276276e+00  2.6848539e-03
  2.6376376e+00  2.3358635e-03
  2.6476476e+00  1.9830627e-03
  2.6576577e+00  1.6274142e-03
  2.6676677e+00  1.2698870e-03
  2.6776777e+00  9.1145384e-04
  2.6876877e+00  5.5308884e-04
  2.6976977e+00  1.9576471e-04
  2.7077077e+00  1.5954969e-04
  2.7177177e+00  5.1189199e-04
  2.7277277e+00  8.6030885e-04
  2.7377377e+00  1.2038585e-03
  2.7477477e+00  1.5416135e-03
  2.7577578e+00  1.8726628e-03
  2.7677678e+00  2.1961147e-03
  2.7777778e+00  2.5110991e-03
  2.7877878e+00  2.8167700e-03
  2.7977978e+00  3.1123076e-03
  2.8078078e+00  3.3969211e-03
  2.8178178e+00  3.6698503e-03
  2.8278278e+00  3.9303684e-03
  2.8378378e+00  4.1777836e-03
  2.8478478e+00  4.4114414e-03
  2.8578579e+00  4.6307266e-03
  2.8678679e+00  4.8350646e-03
  2.8778779e+00  5.0239238e-03
  2.8878879e+00  5.1968168e-03
  2.8978979e+00  5.3533020e-03
  2.9079079e+00  5.4929852e-03
  2.9179179e+00  5.6155203e-03
  2.9279279e+00  5.7206113e-03
  2.9379379e+00  5.8080126e-03
  2.9479479e+00  5.8775302e-03
  2.9579580e+00  5.9290223e-03
  2.9679680e+00  5.9624000e-03
  2.9779780e+00  5.9776278e-03
  2.9879880e+00  5.9747238e-03
  2.9979980e+00  5.9537599e-03
  3.0080080e+00  5.9148617e-03
  3.0180180e+00  5.8582087e-03
  3.0280280e+00  5.7840334e-03
  3.0380380e+00  5.6926214e-03
  3.0480480e+00  5.5843104e-03
  3.0580581e+00  5.4594897e-03
  3.0680681e+00  5.3185991e-03
  3.0780781e+00  5.1621278e-03
  3.0880881e+00  4.9906131e-03
  3.0980981e+00  4.8046392e-03
  3.1081081e+00  4.6048355e-03
  3.1181181e+00  4.3918750e-03
  3.1281281e+00  4.1664722e-03
  3.1381381e+00  3.9293813e-03
  3.1481481e+00  3.6813942e-03
  3.1581582e+00  3.4233380e-03
  3.1681682e+00  3.1560725e-03
  3.1781782e+00  2.8804882e-03
  3.1881882e+00  2.5975031e-03
  3.1981982e+00  2.3080603e-03
  3.2082082e+00  2.0131248e-03
  3.2182182e+00  1.7136810e-03
  3.2282282e+00  1.4107294e-03
  3.2382382e+00  1.1052834e-03
  3.2482482e+00  7.9836640e-04
  3.2582583e+00  4.9100811e-04
  3.2682683e+00  1.8424160e-04
  3.2782783e+00  1.2090021e-04
  3.2882883e+00  4.2338797e-04
  3.2982983e+00  7.2219927e-04
  3.3083083e+00  1.0163222e-03
  3.3183183e+00  1.3047585e-03
  3.3283283e+00  1.5865275e-03
  3.3383383e+00  1.8606691e-03
  3.3483483e+00  2.1262473e-03
  3.3583584e+00  2.3823538e-03
  3.3683684e+00  2.6281109e-03
  3.3783784e+00  2.8626750e-03
  3.3883884e+00  3.0852397e-03
  3.3983984e+00  3.2950390e-03
  3.4084084e+00  3.4913501e-03
  3.4184184e+00  3.6734963e-03
  3.4284284e+00  3.8408500e-03
  3.4384384e+00  3.9928350e-03
  3.4484484e+00  4.1289290e-03
  3.4584585e+00  4.2486662e-03
  3.4684685e+00  4.3516393e-03
  3.4784785e+00  4.4375012e-03
  3.4884885e+00  4.5059673e-03
  3.4984985e+00  4.5568165e-03
  3.5085085e+00  4.5898933e-03
  3.5185185e+00  4.6051083e-03
  3.5285285e+00  4.6024393e-03
  3.5385385e+00  4.5819324e-03
  3.5485485e+00  4.5437018e-03
  3.5585586e+00  4.4879307e-03
  3.5685686e+00  4.4148709e-03
  3.5785786e+00  4.3248423e-03
  3.5885886e+00  4.2182328e-03
  3.5985986e+00  4.0954972e-03
  3.6086086e+00  3.9571564e-03
  3.6186186e+00  3.8037954e-03
  3.6286286e+00  3.6360624e-03
  3.6386386e+00  3.4546664e-03
  3.6486486e+00  3.2603753e-03
  3.6586587e+00  3.0540134e-03
  3.6686687e+00  2.8364583e-03
  3.6786787e+00  2.6086386e-03
  3.6886887e+00  2.3715302e-03
  3.6986987e+00  2.1261528e-03
  3.7087087e+00  1.8735665e-03
  3.7187187e+00  1.6148675e-03
  3.7287287e+00  1.3511842e-03
  3.7387387e+00  1.0836724e-03
  3.7487487e+00  8.1351129e-04
  3.7587588e+00  5.4189811e-04
  3.7687688e+00  2.7004352e-04
  3.7787788e+00  8.3360683e-07
  3.7887888e+00  2.6951144e-04
  3.7987988e+00  5.3477053e-04
  3.8088088e+00  7.9539930e-04
  3.8188188e+00  1.0501996e-03
  3.8288288e+00  1.2979922e-03
  3.8388388e+00  1.5376227e-03
  3.8488488e+00  1.7679669e-03
  3.8588589e+00  1.9879365e-03
  3.8688689e+00  2.1964849e-03
  3.8788789e+00  2.3926123e-03
  3.8888889e+00  2.5753718e-03
  3.8988989e+00  2.7438741e-03
  3.9089089e+00  2.8972929e-03
  3.9189189e+00  3.0348700e-03
  3.9289289e+00  3.1559201e-03
  3.9389389e+00  3.2598350e-03
  3.9489489e+00  3.3460884e-03
  3.9589590e+00  3.4142396e-03
  3.9689690e+00  3.4639372e-03
  3.9789790e+00  3.4949223e-03
  3.9889890e+00  3.5070319e-03
  3.9989990e+00  3.5002008e-03
  4.0090090e+00  3.4744644e-03
  4.0190190e+00  3.4299595e-03
  4.0290290e+00  3.3669262e-03
  4.0390390e+00  3.2857081e-03
  4.0490490e+00  3.1867526e-03
  4.0590591e+00  3.0706104e-03
  4.0690691e+00  2.9379343e-03
  4.0790791e+00  2.7894777e-03
  4.0890891e+00  2.6260926e-03
  4.0990991e+00  2.4487264e-03
  4.1091091e+00  2.2584185e-03
  4.1191191e+00  2.0562964e-03
  4.1291291e+00  1.8435707e-03
  4.1391391e+00  1.6215299e-03
  4.1491491e+00  1.3915341e-03
  4.1591592e+00  1.1550089e-03
  4.1691692e+00  9.1343762e-04
  4.1791792e+00  6.6835348e-04
  4.1891892e+00  4.2133144e-04
  4.1991992e+00  1.7397901e-04
  4.2092092e+00  7.2073278e-05
  4.2192192e+00  3.1518185e-04
  4.2292292e+00  5.5370060e-04
  4.2392392e+00  7.8599177e-04
  4.2492492e+00  1.0104372e-03
  4.2592593e+00  1.2254499e-03
  4.2692693e+00  1.4294858e-03
  4.2792793e+00  1.6210559e-03
  4.2892893e+00  1.7987380e-03
  4.2992993e+00  1.9611894e-03
  4.3093093e+00  2.1071583e-03
  4.3193193e+00  2.2354963e-03
  4.3293293e+00  2.3451698e-03
  4.3393393e+00  2.4352713e-03
  4.3493493e+00  2.5050306e-03
  4.3593594e+00  2.5538251e-03
  4.3693694e+00  2.5811893e-03
  4.3793794e+00  2.5868240e-03
  4.3893894e+00  2.5706043e-03
  4.3993994e+00  2.5325867e-03
  4.4094094e+00  2.4730150e-03
  4.4194194e+00  2.3923248e-03
  4.4294294e+00  2.2911470e-03
  4.4394394e+00  2.1703094e-03
  4.4494494e+00  2.0308369e-03
  4.4594595e+00  1.8739496e-03
  4.4694695e+00  1.7010598e-03
  4.4794795e+00  1.5137660e-03
  4.4894895e+00  1.3138453e-03
  4.4994995e+00  1.1032441e-03
  4.5095095e+00  8.8406522e-04
  4.5195195e+00  6.5855433e-04
  4.5295295e+00  4.2908247e-04
  4.5395395e+00  1.9812706e-04
  4.5495495e+00  3.1749907e-05
  4.5595596e+00  2.5792606e-04
  4.5695696e+00  4.7774533e-04
  4.5795796e+00  6.8854689e-04
  4.5895896e+00  8.8769653e-04
  4.5995996e+00  1.0726201e-03
  4.6096096e+00  1.2408387e-03
  4.6196196e+00  1.3900063e-03
  4.6296296e+00  1.5179479e-03
  4.6396396e+00  1.6226999e-03
  4.6496496e+00  1.7025499e-03
  4.6596597e+00  1.7560786e-03
  4.6696697e+00  1.7821996e-03
  4.6796797e+00  1.7801997e-03
  4.6896897e+00  1.7497773e-03
  4.6996997e+00  1.6910782e-03
  4.7097097e+00  1.6047282e-03
  4.7197197e+00  1.4918619e-03
  4.7297297e+00  1.3541459e-03
  4.7397397e+00  1.1937947e-03
  4.7497497e+00  1.0135796e-03
  4.7597598e+00  8.1682731e-04
  4.7697698e+00  6.0740686e-04
  4.7797798e+00  3.8970399e-04
  4.7897898e+00  1.6857953e-04
  4.7997998e+00  5.0689822e-05
  4.8098098e+00  2.6249096e-04
  4.8198198e+00  4.6097698e-04
  4.8298298e+00  6.4019588e-04
  4.8398398e+00  7.9424865e-04
  4.8498498e+00  9.1748040e-04
  4.8598599e+00  1.0047084e-03
  4.8698699e+00  1.0514914e-03
  4.8798799e+00  1.0544444e-03
  4.8898899e+00  1.0116046e-03
  4.8998999e+00  9.2285293e-04
  4.9099099e+00  7.9039796e-04
  4.9199199e+00  6.1932761e-04
  4.9299299e+00  4.1823585e-04
  4.9399399e+00  1.9993152e-04
  4.9499499e+00  1.7763079e-05
  4.9599600e+00  2.1111522e-04
  4.9699700e+00  3.4947772e-04
  4.9799800e+00  3.9416808e-04
  4.9899900e+00  2.9722053e-04
  5.0000000e+00  0.0000000e+00
